# Wall shear stress
# Time        	patch         	min           	max           
0.000000e+00	roughCylinder	(-3.918770e-04 -4.174630e-05 -2.625584e-04)	(-9.279694e-05 4.174630e-05 2.625584e-04)
0.000000e+00	sideWall	(-8.443032e-05 -2.489722e-06 -2.034538e-12)	(-1.490969e-05 2.472928e-06 2.904972e-12)
0.000000e+00	bottom	(-5.026704e-04 -1.437353e-10 -2.971683e-05)	(-2.185134e-04 1.426385e-10 2.971683e-05)
2.000000e-01	roughCylinder	(-1.872731e-03 -1.069012e-03 -3.823505e-04)	(8.426546e-05 1.071366e-03 2.670504e-04)
2.000000e-01	sideWall	(-3.252891e-04 -3.031381e-05 -6.020747e-06)	(-1.231041e-05 3.093791e-05 2.341336e-05)
2.000000e-01	bottom	(-2.237793e-03 -1.322683e-03 -8.089766e-05)	(3.200148e-04 1.473652e-03 7.477038e-05)
4.000000e-01	roughCylinder	(-2.183866e-03 -1.252974e-03 -3.483578e-04)	(1.928640e-04 1.251711e-03 3.386850e-04)
4.000000e-01	sideWall	(-3.259363e-04 -2.201224e-05 -5.035821e-06)	(-9.424751e-06 2.232889e-05 1.979971e-05)
4.000000e-01	bottom	(-2.269799e-03 -1.253189e-03 -7.121987e-05)	(4.102733e-04 1.405290e-03 6.590861e-05)
6.000000e-01	roughCylinder	(-2.229114e-03 -1.320448e-03 -3.374267e-04)	(2.643858e-04 1.320509e-03 3.761929e-04)
6.000000e-01	sideWall	(-3.226043e-04 -1.711017e-05 -4.385449e-06)	(-7.848579e-06 1.727557e-05 1.652587e-05)
6.000000e-01	bottom	(-2.127930e-03 -1.211984e-03 -1.030222e-04)	(5.698717e-04 1.610132e-03 6.555630e-05)
8.000000e-01	roughCylinder	(-2.221675e-03 -1.348093e-03 -3.694974e-04)	(3.523095e-04 1.348756e-03 3.961022e-04)
8.000000e-01	sideWall	(-3.178747e-04 -1.458854e-05 -3.733480e-06)	(-6.972439e-06 1.470051e-05 1.393146e-05)
8.000000e-01	bottom	(-2.081596e-03 -1.328385e-03 -1.202559e-04)	(6.659842e-04 1.291271e-03 6.623129e-05)
1.000000e+00	roughCylinder	(-2.199673e-03 -1.357146e-03 -6.343073e-04)	(4.174877e-04 1.357823e-03 4.076074e-04)
1.000000e+00	sideWall	(-3.129389e-04 -1.327721e-05 -3.255982e-06)	(-6.479029e-06 1.329162e-05 1.201659e-05)
1.000000e+00	bottom	(-2.224698e-03 -1.599458e-03 -1.001674e-04)	(7.729906e-04 1.425134e-03 6.628006e-05)
1.200000e+00	roughCylinder	(-2.171825e-03 -1.356635e-03 -6.249303e-04)	(4.040119e-04 1.357200e-03 4.144717e-04)
1.200000e+00	sideWall	(-3.113375e-04 -1.249367e-05 -2.872844e-06)	(-6.255565e-06 1.241930e-05 1.074655e-05)
1.200000e+00	bottom	(-2.176632e-03 -1.497988e-03 -8.270849e-05)	(8.123224e-04 1.362456e-03 7.900673e-05)
1.400000e+00	roughCylinder	(-2.142503e-03 -1.351625e-03 -5.420461e-04)	(3.574844e-04 1.352121e-03 4.183972e-04)
1.400000e+00	sideWall	(-3.108913e-04 -1.200827e-05 -2.693970e-06)	(-6.093906e-06 1.185542e-05 9.777363e-06)
1.400000e+00	bottom	(-2.171238e-03 -1.201699e-03 -7.865611e-05)	(8.804434e-04 1.443509e-03 8.172336e-05)
1.600000e+00	roughCylinder	(-2.113389e-03 -1.344743e-03 -4.176794e-04)	(3.274372e-04 1.345249e-03 4.205718e-04)
1.600000e+00	sideWall	(-3.103639e-04 -1.173738e-05 -2.651956e-06)	(-5.969818e-06 1.152336e-05 9.056473e-06)
1.600000e+00	bottom	(-2.059624e-03 -1.308723e-03 -5.633660e-05)	(8.879521e-04 1.332226e-03 7.114868e-05)
1.800000e+00	roughCylinder	(-2.085666e-03 -1.337294e-03 -3.628047e-04)	(3.022612e-04 1.337844e-03 4.217074e-04)
1.800000e+00	sideWall	(-3.097109e-04 -1.162850e-05 -2.684692e-06)	(-5.871116e-06 1.137845e-05 8.533020e-06)
1.800000e+00	bottom	(-2.046814e-03 -1.489118e-03 -5.378168e-05)	(8.801100e-04 1.276384e-03 6.718624e-05)
2.000000e+00	roughCylinder	(-2.062010e-03 -1.329878e-03 -3.129562e-04)	(2.826362e-04 1.330490e-03 4.222390e-04)
2.000000e+00	sideWall	(-3.088638e-04 -1.162655e-05 -2.693083e-06)	(-5.791496e-06 1.136971e-05 8.162476e-06)
2.000000e+00	bottom	(-2.014310e-03 -1.441222e-03 -5.060678e-05)	(8.626093e-04 1.409042e-03 6.438661e-05)
3.000000e+00	roughCylinder	(-1.972581e-03 -1.299484e-03 -2.893913e-04)	(2.356702e-04 1.299818e-03 4.227438e-04)
3.000000e+00	sideWall	(-3.061197e-04 -1.174655e-05 -2.859785e-06)	(-5.575361e-06 1.159107e-05 7.512994e-06)
3.000000e+00	bottom	(-1.863992e-03 -1.486578e-03 -4.000274e-05)	(7.374323e-04 1.299820e-03 6.972029e-05)
4.000000e+00	roughCylinder	(-1.930132e-03 -1.283697e-03 -3.095732e-04)	(1.959412e-04 1.283189e-03 4.234872e-04)
4.000000e+00	sideWall	(-3.066632e-04 -1.170455e-05 -2.909176e-06)	(-5.539855e-06 1.150904e-05 7.436434e-06)
4.000000e+00	bottom	(-1.712975e-03 -1.397411e-03 -2.748222e-05)	(5.518162e-04 1.513710e-03 6.695535e-05)
5.000000e+00	roughCylinder	(-1.914207e-03 -1.276487e-03 -3.046473e-04)	(1.546511e-04 1.276480e-03 4.250015e-04)
5.000000e+00	sideWall	(-3.109969e-04 -1.174192e-05 -2.924647e-06)	(-5.538192e-06 1.156528e-05 7.408620e-06)
5.000000e+00	bottom	(-1.759762e-03 -1.321263e-03 -2.531017e-05)	(4.330591e-04 1.295295e-03 6.143079e-05)
6.000000e+00	roughCylinder	(-1.906116e-03 -1.272224e-03 -2.692601e-04)	(1.466622e-04 1.272263e-03 4.248953e-04)
6.000000e+00	sideWall	(-3.159237e-04 -1.175618e-05 -2.936854e-06)	(-5.536560e-06 1.157599e-05 7.404914e-06)
6.000000e+00	bottom	(-1.702215e-03 -1.392793e-03 -2.495681e-05)	(3.310247e-04 1.254075e-03 6.141300e-05)
7.000000e+00	roughCylinder	(-1.900854e-03 -1.269741e-03 -2.950246e-04)	(1.446486e-04 1.269615e-03 4.245750e-04)
7.000000e+00	sideWall	(-3.200271e-04 -1.174090e-05 -2.937487e-06)	(-5.537432e-06 1.155976e-05 7.405642e-06)
7.000000e+00	bottom	(-1.693187e-03 -1.237281e-03 -2.500599e-05)	(3.328063e-04 1.288602e-03 6.136071e-05)
8.000000e+00	roughCylinder	(-1.897437e-03 -1.267699e-03 -2.858419e-04)	(1.452983e-04 1.268175e-03 4.244984e-04)
8.000000e+00	sideWall	(-3.192058e-04 -1.174303e-05 -2.935591e-06)	(-5.538259e-06 1.156265e-05 7.404656e-06)
8.000000e+00	bottom	(-1.636946e-03 -1.462140e-03 -2.547070e-05)	(3.442415e-04 1.323915e-03 6.132036e-05)
9.000000e+00	roughCylinder	(-1.894461e-03 -1.266670e-03 -2.757400e-04)	(1.452941e-04 1.266695e-03 4.244039e-04)
9.000000e+00	sideWall	(-3.177895e-04 -1.173906e-05 -2.935846e-06)	(-5.538043e-06 1.155755e-05 7.403984e-06)
9.000000e+00	bottom	(-1.634534e-03 -1.388694e-03 -2.560105e-05)	(3.507404e-04 1.353348e-03 6.129393e-05)
1.000000e+01	roughCylinder	(-1.892666e-03 -1.265590e-03 -2.913212e-04)	(1.446112e-04 1.265804e-03 4.243155e-04)
1.000000e+01	sideWall	(-3.178090e-04 -1.173756e-05 -2.935210e-06)	(-5.538024e-06 1.155627e-05 7.403655e-06)
1.000000e+01	bottom	(-1.584254e-03 -1.290967e-03 -2.583989e-05)	(3.528742e-04 1.291828e-03 6.127445e-05)
1.100000e+01	roughCylinder	(-1.890611e-03 -1.264707e-03 -2.921080e-04)	(1.446571e-04 1.265083e-03 4.242705e-04)
1.100000e+01	sideWall	(-3.183851e-04 -1.173776e-05 -2.934979e-06)	(-5.538003e-06 1.155657e-05 7.403343e-06)
1.100000e+01	bottom	(-1.652949e-03 -1.369735e-03 -2.580574e-05)	(3.530658e-04 1.345404e-03 6.126085e-05)
1.200000e+01	roughCylinder	(-1.888958e-03 -1.264209e-03 -2.558178e-04)	(1.439002e-04 1.264246e-03 4.242572e-04)
1.200000e+01	sideWall	(-3.188456e-04 -1.173774e-05 -2.935139e-06)	(-5.537915e-06 1.155656e-05 7.403230e-06)
1.200000e+01	bottom	(-1.592306e-03 -1.295224e-03 -2.607840e-05)	(3.539199e-04 1.389673e-03 6.125169e-05)
1.300000e+01	roughCylinder	(-1.888090e-03 -1.263492e-03 -2.894951e-04)	(1.438066e-04 1.263919e-03 4.242509e-04)
1.300000e+01	sideWall	(-3.191965e-04 -1.173766e-05 -2.935171e-06)	(-5.537872e-06 1.155640e-05 7.403205e-06)
1.300000e+01	bottom	(-1.581849e-03 -1.250476e-03 -2.611239e-05)	(3.549104e-04 1.231212e-03 6.124346e-05)
1.400000e+01	roughCylinder	(-1.886737e-03 -1.263243e-03 -2.591397e-04)	(1.438090e-04 1.263395e-03 4.242436e-04)
1.400000e+01	sideWall	(-3.194859e-04 -1.173745e-05 -2.935110e-06)	(-5.537871e-06 1.155607e-05 7.403213e-06)
1.400000e+01	bottom	(-1.636857e-03 -1.283775e-03 -2.617310e-05)	(3.550891e-04 1.317489e-03 6.123817e-05)
1.500000e+01	roughCylinder	(-1.886456e-03 -1.262959e-03 -2.775610e-04)	(1.433561e-04 1.263150e-03 4.242416e-04)
1.500000e+01	sideWall	(-3.196562e-04 -1.173736e-05 -2.935086e-06)	(-5.537871e-06 1.155598e-05 7.403213e-06)
1.500000e+01	bottom	(-1.593969e-03 -1.247616e-03 -2.549925e-05)	(3.546701e-04 1.384272e-03 6.123534e-05)
1.600000e+01	roughCylinder	(-1.885896e-03 -1.262686e-03 -2.880999e-04)	(1.436817e-04 1.263047e-03 4.242419e-04)
1.600000e+01	sideWall	(-3.198136e-04 -1.173728e-05 -2.935058e-06)	(-5.537871e-06 1.155596e-05 7.403197e-06)
1.600000e+01	bottom	(-1.663662e-03 -1.424547e-03 -2.557994e-05)	(3.538288e-04 1.250284e-03 6.123367e-05)
1.700000e+01	roughCylinder	(-1.885496e-03 -1.262706e-03 -2.602252e-04)	(1.433606e-04 1.262778e-03 4.242467e-04)
1.700000e+01	sideWall	(-3.199107e-04 -1.173728e-05 -2.935053e-06)	(-5.537871e-06 1.155596e-05 7.403197e-06)
1.700000e+01	bottom	(-1.647102e-03 -1.437890e-03 -2.544666e-05)	(3.531987e-04 1.295049e-03 6.123259e-05)
1.800000e+01	roughCylinder	(-1.885640e-03 -1.262474e-03 -2.746171e-04)	(1.433628e-04 1.262843e-03 4.242474e-04)
1.800000e+01	sideWall	(-3.199661e-04 -1.173728e-05 -2.935053e-06)	(-5.537871e-06 1.155596e-05 7.403189e-06)
1.800000e+01	bottom	(-1.628787e-03 -1.326997e-03 -2.549985e-05)	(3.530786e-04 1.285833e-03 6.123201e-05)
1.900000e+01	roughCylinder	(-1.885107e-03 -1.262494e-03 -2.864274e-04)	(1.434897e-04 1.262698e-03 4.242492e-04)
1.900000e+01	sideWall	(-3.200297e-04 -1.173728e-05 -2.935053e-06)	(-5.537871e-06 1.155596e-05 7.403181e-06)
1.900000e+01	bottom	(-1.601582e-03 -1.267534e-03 -2.614844e-05)	(3.529194e-04 1.396964e-03 6.123146e-05)
2.000000e+01	roughCylinder	(-1.885226e-03 -1.262483e-03 -2.605369e-04)	(1.432673e-04 1.262632e-03 4.242506e-04)
2.000000e+01	sideWall	(-3.200422e-04 -1.173728e-05 -2.935054e-06)	(-5.537871e-06 1.155596e-05 7.403198e-06)
2.000000e+01	bottom	(-1.579978e-03 -1.295227e-03 -2.600798e-05)	(3.527603e-04 1.304971e-03 6.123052e-05)
2.100000e+01	roughCylinder	(-1.885183e-03 -1.262357e-03 -2.685321e-04)	(1.433766e-04 1.262707e-03 4.242517e-04)
2.100000e+01	sideWall	(-3.200718e-04 -1.173726e-05 -2.935053e-06)	(-5.537871e-06 1.155596e-05 7.403181e-06)
2.100000e+01	bottom	(-1.593911e-03 -1.433955e-03 -2.586689e-05)	(3.524842e-04 1.428501e-03 6.122957e-05)
2.200000e+01	roughCylinder	(-1.884965e-03 -1.262460e-03 -2.891766e-04)	(1.433270e-04 1.262578e-03 4.242501e-04)
2.200000e+01	sideWall	(-3.200899e-04 -1.173728e-05 -2.935054e-06)	(-5.537871e-06 1.155596e-05 7.403198e-06)
2.200000e+01	bottom	(-1.650929e-03 -1.360228e-03 -2.540122e-05)	(3.523835e-04 1.289034e-03 6.123038e-05)
2.300000e+01	roughCylinder	(-1.885229e-03 -1.262359e-03 -2.558780e-04)	(1.432977e-04 1.262659e-03 4.242531e-04)
2.300000e+01	sideWall	(-3.200836e-04 -1.173728e-05 -2.935054e-06)	(-5.537871e-06 1.155596e-05 7.403189e-06)
2.300000e+01	bottom	(-1.616382e-03 -1.243911e-03 -2.553312e-05)	(3.524615e-04 1.271508e-03 6.123090e-05)
2.400000e+01	roughCylinder	(-1.884954e-03 -1.262388e-03 -2.524188e-04)	(1.434730e-04 1.262618e-03 4.242523e-04)
2.400000e+01	sideWall	(-3.201032e-04 -1.173728e-05 -2.935054e-06)	(-5.537871e-06 1.155596e-05 7.403181e-06)
2.400000e+01	bottom	(-1.607411e-03 -1.313059e-03 -2.568860e-05)	(3.523965e-04 1.329568e-03 6.122949e-05)
2.500000e+01	roughCylinder	(-1.885061e-03 -1.262425e-03 -2.901217e-04)	(1.432541e-04 1.262572e-03 4.242514e-04)
2.500000e+01	sideWall	(-3.200954e-04 -1.173728e-05 -2.935054e-06)	(-5.537871e-06 1.155596e-05 7.403198e-06)
2.500000e+01	bottom	(-1.686970e-03 -1.364242e-03 -2.552602e-05)	(3.523543e-04 1.271050e-03 6.123087e-05)
2.600000e+01	roughCylinder	(-1.885109e-03 -1.262328e-03 -2.539662e-04)	(1.434253e-04 1.262659e-03 4.242513e-04)
2.600000e+01	sideWall	(-3.201025e-04 -1.173726e-05 -2.935053e-06)	(-5.537871e-06 1.155596e-05 7.403181e-06)
2.600000e+01	bottom	(-1.624729e-03 -1.277879e-03 -2.552930e-05)	(3.522601e-04 1.459659e-03 6.122950e-05)
2.700000e+01	roughCylinder	(-1.884924e-03 -1.262410e-03 -2.373336e-04)	(1.434760e-04 1.262575e-03 4.242544e-04)
2.700000e+01	sideWall	(-3.201113e-04 -1.173728e-05 -2.935054e-06)	(-5.537871e-06 1.155596e-05 7.403189e-06)
2.700000e+01	bottom	(-1.629770e-03 -1.359154e-03 -2.582646e-05)	(3.522828e-04 1.465006e-03 6.123049e-05)
2.800000e+01	roughCylinder	(-1.885139e-03 -1.262348e-03 -2.878119e-04)	(1.433211e-04 1.262632e-03 4.242514e-04)
2.800000e+01	sideWall	(-3.201002e-04 -1.173728e-05 -2.935054e-06)	(-5.537871e-06 1.155596e-05 7.403189e-06)
2.800000e+01	bottom	(-1.681053e-03 -1.288515e-03 -2.643841e-05)	(3.523316e-04 1.327659e-03 6.123039e-05)
2.900000e+01	roughCylinder	(-1.884980e-03 -1.262359e-03 -2.560629e-04)	(1.435432e-04 1.262623e-03 4.242513e-04)
2.900000e+01	sideWall	(-3.201080e-04 -1.173728e-05 -2.935054e-06)	(-5.537871e-06 1.155596e-05 7.403181e-06)
2.900000e+01	bottom	(-1.682797e-03 -1.219047e-03 -2.617653e-05)	(3.523218e-04 1.394634e-03 6.122992e-05)
3.000000e+01	roughCylinder	(-1.885001e-03 -1.262409e-03 -2.527474e-04)	(1.434403e-04 1.262567e-03 4.242515e-04)
3.000000e+01	sideWall	(-3.201047e-04 -1.173728e-05 -2.935054e-06)	(-5.537871e-06 1.155596e-05 7.403198e-06)
3.000000e+01	bottom	(-1.643850e-03 -1.482942e-03 -2.567504e-05)	(3.522796e-04 1.268209e-03 6.122954e-05)
3.100000e+01	roughCylinder	(-1.885106e-03 -1.262331e-03 -2.886014e-04)	(1.434132e-04 1.262643e-03 4.242544e-04)
3.100000e+01	sideWall	(-3.201062e-04 -1.173728e-05 -2.935054e-06)	(-5.537871e-06 1.155596e-05 7.403189e-06)
3.100000e+01	bottom	(-1.648594e-03 -1.353286e-03 -2.565100e-05)	(3.522471e-04 1.414893e-03 6.122901e-05)
3.200000e+01	roughCylinder	(-1.884938e-03 -1.262391e-03 -2.564285e-04)	(1.434634e-04 1.262583e-03 4.242505e-04)
3.200000e+01	sideWall	(-3.201088e-04 -1.173728e-05 -2.935054e-06)	(-5.537871e-06 1.155596e-05 7.403189e-06)
3.200000e+01	bottom	(-1.577472e-03 -1.329830e-03 -2.580614e-05)	(3.522926e-04 1.360781e-03 6.122948e-05)
3.300000e+01	roughCylinder	(-1.885097e-03 -1.262369e-03 -2.372775e-04)	(1.432894e-04 1.262612e-03 4.242513e-04)
3.300000e+01	sideWall	(-3.201032e-04 -1.173728e-05 -2.935054e-06)	(-5.537871e-06 1.155596e-05 7.403198e-06)
3.300000e+01	bottom	(-1.692784e-03 -1.319473e-03 -2.599585e-05)	(3.523023e-04 1.396541e-03 6.122860e-05)
3.400000e+01	roughCylinder	(-1.885018e-03 -1.262343e-03 -2.866133e-04)	(1.434345e-04 1.262633e-03 4.242544e-04)
3.400000e+01	sideWall	(-3.201099e-04 -1.173728e-05 -2.935054e-06)	(-5.537871e-06 1.155596e-05 7.403181e-06)
3.400000e+01	bottom	(-1.692304e-03 -1.409608e-03 -2.562250e-05)	(3.522601e-04 1.390225e-03 6.122864e-05)
3.500000e+01	roughCylinder	(-1.884990e-03 -1.262401e-03 -2.561577e-04)	(1.432922e-04 1.262581e-03 4.242514e-04)
3.500000e+01	sideWall	(-3.201076e-04 -1.173728e-05 -2.935054e-06)	(-5.537871e-06 1.155596e-05 7.403198e-06)
3.500000e+01	bottom	(-1.603630e-03 -1.262775e-03 -2.547786e-05)	(3.522244e-04 1.356551e-03 6.123083e-05)
3.600000e+01	roughCylinder	(-1.885113e-03 -1.262346e-03 -2.367687e-04)	(1.433978e-04 1.262642e-03 4.242534e-04)
3.600000e+01	sideWall	(-3.201080e-04 -1.173728e-05 -2.935054e-06)	(-5.537871e-06 1.155596e-05 7.403189e-06)
3.600000e+01	bottom	(-1.608078e-03 -1.320654e-03 -2.628943e-05)	(3.522666e-04 1.289891e-03 6.122867e-05)
3.700000e+01	roughCylinder	(-1.884952e-03 -1.262383e-03 -2.880891e-04)	(1.434786e-04 1.262599e-03 4.242543e-04)
3.700000e+01	sideWall	(-3.201125e-04 -1.173728e-05 -2.935054e-06)	(-5.537871e-06 1.155596e-05 7.403189e-06)
3.700000e+01	bottom	(-1.696767e-03 -1.328029e-03 -2.578073e-05)	(3.522633e-04 1.429218e-03 6.123039e-05)
3.800000e+01	roughCylinder	(-1.885076e-03 -1.262380e-03 -2.552288e-04)	(1.432888e-04 1.262602e-03 4.242544e-04)
3.800000e+01	sideWall	(-3.201051e-04 -1.173728e-05 -2.935054e-06)	(-5.537871e-06 1.155596e-05 7.403198e-06)
3.800000e+01	bottom	(-1.644789e-03 -1.433691e-03 -2.599256e-05)	(3.522958e-04 1.493161e-03 6.122949e-05)
3.900000e+01	roughCylinder	(-1.885036e-03 -1.262352e-03 -2.374903e-04)	(1.435109e-04 1.262628e-03 4.242544e-04)
3.900000e+01	sideWall	(-3.201099e-04 -1.173728e-05 -2.935054e-06)	(-5.537871e-06 1.155596e-05 7.403189e-06)
3.900000e+01	bottom	(-1.568711e-03 -1.293239e-03 -2.626061e-05)	(3.522438e-04 1.390671e-03 6.122994e-05)
4.000000e+01	roughCylinder	(-1.884964e-03 -1.262401e-03 -2.878006e-04)	(1.433528e-04 1.262574e-03 4.242535e-04)
4.000000e+01	sideWall	(-3.201088e-04 -1.173728e-05 -2.935054e-06)	(-5.537871e-06 1.155596e-05 7.403198e-06)
4.000000e+01	bottom	(-1.610641e-03 -1.456090e-03 -2.550968e-05)	(3.522114e-04 1.242385e-03 6.122991e-05)
4.100000e+01	roughCylinder	(-1.885089e-03 -1.262348e-03 -2.552723e-04)	(1.434333e-04 1.262624e-03 4.242514e-04)
4.100000e+01	sideWall	(-3.201051e-04 -1.173728e-05 -2.935054e-06)	(-5.537871e-06 1.155596e-05 7.403189e-06)
4.100000e+01	bottom	(-1.595158e-03 -1.389383e-03 -2.616643e-05)	(3.522601e-04 1.326415e-03 6.123038e-05)
4.200000e+01	roughCylinder	(-1.884974e-03 -1.262366e-03 -2.372531e-04)	(1.435322e-04 1.262607e-03 4.242544e-04)
4.200000e+01	sideWall	(-3.201143e-04 -1.173728e-05 -2.935054e-06)	(-5.537871e-06 1.155596e-05 7.403189e-06)
4.200000e+01	bottom	(-1.619023e-03 -1.360541e-03 -2.566401e-05)	(3.522568e-04 1.384778e-03 6.122858e-05)
4.300000e+01	roughCylinder	(-1.885043e-03 -1.262374e-03 -2.872222e-04)	(1.434101e-04 1.262593e-03 4.242506e-04)
4.300000e+01	sideWall	(-3.201076e-04 -1.173728e-05 -2.935054e-06)	(-5.537871e-06 1.155596e-05 7.403189e-06)
4.300000e+01	bottom	(-1.581283e-03 -1.289622e-03 -2.635700e-05)	(3.522763e-04 1.339334e-03 6.122950e-05)
4.400000e+01	roughCylinder	(-1.885071e-03 -1.262347e-03 -2.543773e-04)	(1.434500e-04 1.262634e-03 4.242544e-04)
4.400000e+01	sideWall	(-3.201080e-04 -1.173728e-05 -2.935054e-06)	(-5.537871e-06 1.155596e-05 7.403189e-06)
4.400000e+01	bottom	(-1.699801e-03 -1.379946e-03 -2.553897e-05)	(3.521919e-04 1.274803e-03 6.122860e-05)
4.500000e+01	roughCylinder	(-1.885017e-03 -1.262377e-03 -2.486533e-04)	(1.434533e-04 1.262600e-03 4.242506e-04)
4.500000e+01	sideWall	(-3.201117e-04 -1.173728e-05 -2.935054e-06)	(-5.537871e-06 1.155596e-05 7.403189e-06)
4.500000e+01	bottom	(-1.679057e-03 -1.354467e-03 -2.621058e-05)	(3.522114e-04 1.302790e-03 6.122950e-05)
4.600000e+01	roughCylinder	(-1.885099e-03 -1.262360e-03 -2.883803e-04)	(1.432410e-04 1.262627e-03 4.242535e-04)
4.600000e+01	sideWall	(-3.201032e-04 -1.173728e-05 -2.935054e-06)	(-5.537871e-06 1.155596e-05 7.403189e-06)
4.600000e+01	bottom	(-1.593409e-03 -1.310538e-03 -2.607766e-05)	(3.522503e-04 1.387712e-03 6.122858e-05)
4.700000e+01	roughCylinder	(-1.885048e-03 -1.262363e-03 -2.552491e-04)	(1.434301e-04 1.262625e-03 4.242536e-04)
4.700000e+01	sideWall	(-3.201088e-04 -1.173728e-05 -2.935054e-06)	(-5.537871e-06 1.155596e-05 7.403189e-06)
4.700000e+01	bottom	(-1.599786e-03 -1.360537e-03 -2.593028e-05)	(3.522244e-04 1.414148e-03 6.122950e-05)
4.800000e+01	roughCylinder	(-1.885066e-03 -1.262381e-03 -2.378062e-04)	(1.434498e-04 1.262607e-03 4.242544e-04)
4.800000e+01	sideWall	(-3.201069e-04 -1.173728e-05 -2.935054e-06)	(-5.537871e-06 1.155596e-05 7.403189e-06)
4.800000e+01	bottom	(-1.609312e-03 -1.438823e-03 -2.598149e-05)	(3.522373e-04 1.327155e-03 6.122955e-05)
4.900000e+01	roughCylinder	(-1.885091e-03 -1.262358e-03 -2.871326e-04)	(1.433928e-04 1.262636e-03 4.242513e-04)
4.900000e+01	sideWall	(-3.201062e-04 -1.173728e-05 -2.935054e-06)	(-5.537871e-06 1.155596e-05 7.403189e-06)
4.900000e+01	bottom	(-1.654338e-03 -1.304460e-03 -2.562960e-05)	(3.522276e-04 1.223830e-03 6.122954e-05)
5.000000e+01	roughCylinder	(-1.885043e-03 -1.262382e-03 -2.552409e-04)	(1.435106e-04 1.262617e-03 4.242514e-04)
5.000000e+01	sideWall	(-3.201088e-04 -1.173728e-05 -2.935054e-06)	(-5.537871e-06 1.155596e-05 7.403189e-06)
5.000000e+01	bottom	(-1.600452e-03 -1.436720e-03 -2.605713e-05)	(3.522373e-04 1.284164e-03 6.122995e-05)
