# Wall shear stress
# Time        	patch         	min           	max           
0.000000e+00	roughCylinder	(-3.957109e-04 -4.215895e-05 -2.889345e-04)	(-7.329842e-05 4.215895e-05 2.889345e-04)
0.000000e+00	sideWall	(-8.320743e-05 -2.459589e-06 -5.522784e-12)	(-1.173550e-05 2.449698e-06 1.367419e-11)
0.000000e+00	bottom	(-5.410502e-04 -8.596776e-11 -2.295327e-05)	(-2.270792e-04 8.470832e-11 2.295327e-05)
2.000000e-01	roughCylinder	(-1.918842e-03 -1.079442e-03 -5.966989e-04)	(7.545889e-05 1.111240e-03 2.823134e-04)
2.000000e-01	sideWall	(-3.179341e-04 -2.996483e-05 -7.048866e-06)	(-8.230154e-06 3.053291e-05 2.207030e-05)
2.000000e-01	bottom	(-3.471877e-03 -1.926898e-03 -8.386388e-05)	(4.075218e-04 1.869227e-03 7.899580e-05)
4.000000e-01	roughCylinder	(-2.209783e-03 -1.262689e-03 -5.384947e-04)	(2.154255e-04 1.261843e-03 3.576398e-04)
4.000000e-01	sideWall	(-3.186913e-04 -2.182409e-05 -5.395082e-06)	(-7.101754e-06 2.210447e-05 1.994909e-05)
4.000000e-01	bottom	(-2.948204e-03 -1.645462e-03 -8.305452e-05)	(5.841143e-04 1.859801e-03 6.554487e-05)
6.000000e-01	roughCylinder	(-2.240375e-03 -1.327617e-03 -5.299788e-04)	(2.721033e-04 1.328225e-03 3.545227e-04)
6.000000e-01	sideWall	(-3.155203e-04 -1.693410e-05 -4.329699e-06)	(-6.334698e-06 1.710885e-05 1.759467e-05)
6.000000e-01	bottom	(-2.962022e-03 -1.605887e-03 -7.654506e-05)	(6.705190e-04 1.712647e-03 6.787835e-05)
8.000000e-01	roughCylinder	(-2.225262e-03 -1.352377e-03 -5.536647e-04)	(3.317591e-04 1.353343e-03 3.778132e-04)
8.000000e-01	sideWall	(-3.110203e-04 -1.441727e-05 -3.703441e-06)	(-5.858016e-06 1.454849e-05 1.543248e-05)
8.000000e-01	bottom	(-2.825358e-03 -1.800633e-03 -1.155577e-04)	(7.407784e-04 1.606402e-03 6.890022e-05)
1.000000e+00	roughCylinder	(-2.196657e-03 -1.358512e-03 -9.381088e-04)	(4.106780e-04 1.359165e-03 3.922230e-04)
1.000000e+00	sideWall	(-3.062419e-04 -1.304423e-05 -3.260292e-06)	(-5.552103e-06 1.314528e-05 1.361722e-05)
1.000000e+00	bottom	(-2.749252e-03 -1.697436e-03 -1.084313e-04)	(8.459363e-04 1.850173e-03 6.900194e-05)
1.200000e+00	roughCylinder	(-2.163784e-03 -1.355908e-03 -9.460452e-04)	(4.245094e-04 1.356328e-03 4.016535e-04)
1.200000e+00	sideWall	(-3.045579e-04 -1.220324e-05 -2.841145e-06)	(-5.340841e-06 1.227553e-05 1.216813e-05)
1.200000e+00	bottom	(-2.572354e-03 -1.689513e-03 -8.509687e-05)	(9.169203e-04 1.743708e-03 7.157464e-05)
1.400000e+00	roughCylinder	(-2.129612e-03 -1.349352e-03 -9.573812e-04)	(3.939359e-04 1.349664e-03 4.077586e-04)
1.400000e+00	sideWall	(-3.040826e-04 -1.172877e-05 -2.646724e-06)	(-5.185472e-06 1.171007e-05 1.104837e-05)
1.400000e+00	bottom	(-2.619821e-03 -1.768120e-03 -7.262250e-05)	(1.012382e-03 1.629804e-03 8.567729e-05)
1.600000e+00	roughCylinder	(-2.096286e-03 -1.341357e-03 -6.824315e-04)	(3.609248e-04 1.341668e-03 4.116475e-04)
1.600000e+00	sideWall	(-3.036659e-04 -1.146302e-05 -2.564485e-06)	(-5.065594e-06 1.137203e-05 1.020421e-05)
1.600000e+00	bottom	(-2.430480e-03 -1.724972e-03 -6.530446e-05)	(1.032130e-03 1.756262e-03 7.962533e-05)
1.800000e+00	roughCylinder	(-2.067240e-03 -1.333082e-03 -5.619222e-04)	(3.415440e-04 1.333453e-03 4.141309e-04)
1.800000e+00	sideWall	(-3.030193e-04 -1.135408e-05 -2.555054e-06)	(-4.970160e-06 1.121890e-05 9.582512e-06)
1.800000e+00	bottom	(-2.498508e-03 -1.658683e-03 -5.799659e-05)	(1.078275e-03 1.738787e-03 7.347489e-05)
2.000000e+00	roughCylinder	(-2.040983e-03 -1.325047e-03 -4.984346e-04)	(3.266444e-04 1.325496e-03 4.157560e-04)
2.000000e+00	sideWall	(-3.022836e-04 -1.134864e-05 -2.581219e-06)	(-4.892389e-06 1.120253e-05 9.135724e-06)
2.000000e+00	bottom	(-2.326900e-03 -1.712993e-03 -4.978840e-05)	(1.029661e-03 1.634632e-03 7.044848e-05)
3.000000e+00	roughCylinder	(-1.945775e-03 -1.293453e-03 -4.397378e-04)	(2.935698e-04 1.293829e-03 4.194323e-04)
3.000000e+00	sideWall	(-2.996423e-04 -1.145839e-05 -2.813071e-06)	(-4.668651e-06 1.142746e-05 8.319696e-06)
3.000000e+00	bottom	(-2.097669e-03 -1.594818e-03 -4.061755e-05)	(7.790650e-04 1.641672e-03 8.411090e-05)
4.000000e+00	roughCylinder	(-1.907317e-03 -1.278877e-03 -4.202633e-04)	(2.359366e-04 1.278473e-03 4.215544e-04)
4.000000e+00	sideWall	(-3.000102e-04 -1.141631e-05 -2.876799e-06)	(-4.621145e-06 1.133670e-05 8.213860e-06)
4.000000e+00	bottom	(-1.995674e-03 -1.594257e-03 -3.186690e-05)	(5.083787e-04 1.548503e-03 8.138667e-05)
5.000000e+00	roughCylinder	(-1.899338e-03 -1.274158e-03 -4.143943e-04)	(1.521241e-04 1.274122e-03 4.236606e-04)
5.000000e+00	sideWall	(-3.040702e-04 -1.145086e-05 -2.891491e-06)	(-4.616883e-06 1.139505e-05 8.175350e-06)
5.000000e+00	bottom	(-1.920870e-03 -1.576903e-03 -3.068157e-05)	(3.797612e-04 1.538966e-03 6.345443e-05)
6.000000e+00	roughCylinder	(-1.897141e-03 -1.271752e-03 -4.084651e-04)	(1.484404e-04 1.271859e-03 4.238160e-04)
6.000000e+00	sideWall	(-3.086085e-04 -1.146831e-05 -2.905634e-06)	(-4.614081e-06 1.140707e-05 8.167418e-06)
6.000000e+00	bottom	(-1.904463e-03 -1.570265e-03 -3.105155e-05)	(3.817387e-04 1.464371e-03 6.307011e-05)
7.000000e+00	roughCylinder	(-1.895901e-03 -1.270641e-03 -4.018438e-04)	(1.413650e-04 1.270269e-03 4.233441e-04)
7.000000e+00	sideWall	(-3.125731e-04 -1.145177e-05 -2.907743e-06)	(-4.614388e-06 1.139007e-05 8.167471e-06)
7.000000e+00	bottom	(-1.893454e-03 -1.544430e-03 -3.070445e-05)	(3.825606e-04 1.523362e-03 6.282808e-05)
8.000000e+00	roughCylinder	(-1.893949e-03 -1.269213e-03 -3.971999e-04)	(1.418675e-04 1.269374e-03 4.231331e-04)
8.000000e+00	sideWall	(-3.118731e-04 -1.145439e-05 -2.905580e-06)	(-4.615284e-06 1.139331e-05 8.166403e-06)
8.000000e+00	bottom	(-1.861141e-03 -1.546971e-03 -2.961992e-05)	(3.830153e-04 1.515415e-03 6.263066e-05)
9.000000e+00	roughCylinder	(-1.892022e-03 -1.268305e-03 -3.989319e-04)	(1.425018e-04 1.268175e-03 4.229446e-04)
9.000000e+00	sideWall	(-3.102666e-04 -1.145054e-05 -2.905860e-06)	(-4.615134e-06 1.138827e-05 8.165459e-06)
9.000000e+00	bottom	(-1.837141e-03 -1.550464e-03 -2.917982e-05)	(3.834469e-04 1.519436e-03 6.246402e-05)
1.000000e+01	roughCylinder	(-1.889956e-03 -1.267376e-03 -3.961805e-04)	(1.426025e-04 1.267212e-03 4.227585e-04)
1.000000e+01	sideWall	(-3.100960e-04 -1.144883e-05 -2.905377e-06)	(-4.615026e-06 1.138679e-05 8.165044e-06)
1.000000e+01	bottom	(-1.871118e-03 -1.500818e-03 -2.941048e-05)	(3.837669e-04 1.497387e-03 6.232998e-05)
1.100000e+01	roughCylinder	(-1.888197e-03 -1.266317e-03 -4.058088e-04)	(1.421415e-04 1.266507e-03 4.226467e-04)
1.100000e+01	sideWall	(-3.107107e-04 -1.144889e-05 -2.905051e-06)	(-4.615028e-06 1.138675e-05 8.164684e-06)
1.100000e+01	bottom	(-1.806061e-03 -1.560142e-03 -2.939535e-05)	(3.839968e-04 1.483045e-03 6.223300e-05)
1.200000e+01	roughCylinder	(-1.886527e-03 -1.265709e-03 -3.930050e-04)	(1.416126e-04 1.265459e-03 4.226032e-04)
1.200000e+01	sideWall	(-3.112939e-04 -1.144884e-05 -2.905110e-06)	(-4.614962e-06 1.138669e-05 8.164513e-06)
1.200000e+01	bottom	(-1.774840e-03 -1.533981e-03 -2.970685e-05)	(3.841590e-04 1.495984e-03 6.216630e-05)
1.300000e+01	roughCylinder	(-1.884783e-03 -1.264821e-03 -3.882808e-04)	(1.413764e-04 1.264893e-03 4.225832e-04)
1.300000e+01	sideWall	(-3.117609e-04 -1.144874e-05 -2.905185e-06)	(-4.614896e-06 1.138659e-05 8.164481e-06)
1.300000e+01	bottom	(-1.788436e-03 -1.545989e-03 -2.918474e-05)	(3.842642e-04 1.499865e-03 6.211687e-05)
1.400000e+01	roughCylinder	(-1.883321e-03 -1.264261e-03 -3.858620e-04)	(1.411435e-04 1.264267e-03 4.225661e-04)
1.400000e+01	sideWall	(-3.121800e-04 -1.144865e-05 -2.905161e-06)	(-4.614896e-06 1.138650e-05 8.164491e-06)
1.400000e+01	bottom	(-1.812712e-03 -1.547500e-03 -2.931749e-05)	(3.843367e-04 1.532246e-03 6.207351e-05)
1.500000e+01	roughCylinder	(-1.882125e-03 -1.263879e-03 -4.041282e-04)	(1.410147e-04 1.263741e-03 4.225545e-04)
1.500000e+01	sideWall	(-3.124685e-04 -1.144864e-05 -2.905142e-06)	(-4.614895e-06 1.138644e-05 8.164491e-06)
1.500000e+01	bottom	(-1.819467e-03 -1.529700e-03 -2.969284e-05)	(3.843882e-04 1.561018e-03 6.204055e-05)
1.600000e+01	roughCylinder	(-1.881505e-03 -1.263399e-03 -3.923673e-04)	(1.407774e-04 1.263549e-03 4.225451e-04)
1.600000e+01	sideWall	(-3.127079e-04 -1.144863e-05 -2.905126e-06)	(-4.614896e-06 1.138645e-05 8.164470e-06)
1.600000e+01	bottom	(-1.800242e-03 -1.500205e-03 -2.922772e-05)	(3.844247e-04 1.389519e-03 6.201709e-05)
1.700000e+01	roughCylinder	(-1.880969e-03 -1.263284e-03 -3.831772e-04)	(1.406781e-04 1.263179e-03 4.225498e-04)
1.700000e+01	sideWall	(-3.128976e-04 -1.144863e-05 -2.905118e-06)	(-4.614895e-06 1.138644e-05 8.164470e-06)
1.700000e+01	bottom	(-1.829677e-03 -1.559215e-03 -2.934845e-05)	(3.844509e-04 1.568320e-03 6.200161e-05)
1.800000e+01	roughCylinder	(-1.880558e-03 -1.263032e-03 -3.814357e-04)	(1.406748e-04 1.263079e-03 4.225514e-04)
1.800000e+01	sideWall	(-3.130145e-04 -1.144864e-05 -2.905126e-06)	(-4.614895e-06 1.138645e-05 8.164470e-06)
1.800000e+01	bottom	(-1.766709e-03 -1.542802e-03 -2.996510e-05)	(3.844694e-04 1.359296e-03 6.199115e-05)
1.900000e+01	roughCylinder	(-1.880131e-03 -1.262888e-03 -4.129155e-04)	(1.405703e-04 1.262967e-03 4.225568e-04)
1.900000e+01	sideWall	(-3.131210e-04 -1.144863e-05 -2.905126e-06)	(-4.614895e-06 1.138645e-05 8.164470e-06)
1.900000e+01	bottom	(-1.807136e-03 -1.514071e-03 -2.997732e-05)	(3.844840e-04 1.391655e-03 6.198430e-05)
2.000000e+01	roughCylinder	(-1.879920e-03 -1.262871e-03 -3.825329e-04)	(1.405376e-04 1.262801e-03 4.225589e-04)
2.000000e+01	sideWall	(-3.131842e-04 -1.144864e-05 -2.905131e-06)	(-4.614895e-06 1.138645e-05 8.164491e-06)
2.000000e+01	bottom	(-1.839333e-03 -1.517635e-03 -2.988602e-05)	(3.844921e-04 1.558743e-03 6.197904e-05)
2.100000e+01	roughCylinder	(-1.879866e-03 -1.262704e-03 -3.875325e-04)	(1.404678e-04 1.262837e-03 4.225597e-04)
2.100000e+01	sideWall	(-3.132288e-04 -1.144863e-05 -2.905126e-06)	(-4.614895e-06 1.138645e-05 8.164470e-06)
2.100000e+01	bottom	(-1.787625e-03 -1.496677e-03 -2.937473e-05)	(3.844982e-04 1.493772e-03 6.197552e-05)
2.200000e+01	roughCylinder	(-1.879736e-03 -1.262740e-03 -3.775705e-04)	(1.404456e-04 1.262718e-03 4.225622e-04)
2.200000e+01	sideWall	(-3.132720e-04 -1.144863e-05 -2.905118e-06)	(-4.614895e-06 1.138645e-05 8.164480e-06)
2.200000e+01	bottom	(-1.827270e-03 -1.482614e-03 -2.918217e-05)	(3.845016e-04 1.490516e-03 6.197281e-05)
2.300000e+01	roughCylinder	(-1.879669e-03 -1.262694e-03 -3.901341e-04)	(1.404257e-04 1.262709e-03 4.225626e-04)
2.300000e+01	sideWall	(-3.132848e-04 -1.144864e-05 -2.905123e-06)	(-4.614895e-06 1.138645e-05 8.164491e-06)
2.300000e+01	bottom	(-1.756795e-03 -1.502116e-03 -2.971551e-05)	(3.845050e-04 1.563860e-03 6.197159e-05)
2.400000e+01	roughCylinder	(-1.879557e-03 -1.262643e-03 -3.757862e-04)	(1.405353e-04 1.262724e-03 4.225639e-04)
2.400000e+01	sideWall	(-3.133075e-04 -1.144863e-05 -2.905118e-06)	(-4.614895e-06 1.138645e-05 8.164470e-06)
2.400000e+01	bottom	(-1.798008e-03 -1.522756e-03 -2.924728e-05)	(3.845063e-04 1.388719e-03 6.196998e-05)
2.500000e+01	roughCylinder	(-1.879535e-03 -1.262685e-03 -3.793569e-04)	(1.404735e-04 1.262652e-03 4.225630e-04)
2.500000e+01	sideWall	(-3.133181e-04 -1.144864e-05 -2.905123e-06)	(-4.614895e-06 1.138645e-05 8.164491e-06)
2.500000e+01	bottom	(-1.829799e-03 -1.478060e-03 -2.964492e-05)	(3.845085e-04 1.459253e-03 6.196939e-05)
2.600000e+01	roughCylinder	(-1.879581e-03 -1.262623e-03 -3.762660e-04)	(1.404749e-04 1.262699e-03 4.225652e-04)
2.600000e+01	sideWall	(-3.133210e-04 -1.144863e-05 -2.905118e-06)	(-4.614895e-06 1.138645e-05 8.164480e-06)
2.600000e+01	bottom	(-1.779651e-03 -1.513276e-03 -2.945947e-05)	(3.845089e-04 1.568840e-03 6.196890e-05)
2.700000e+01	roughCylinder	(-1.879513e-03 -1.262646e-03 -4.212686e-04)	(1.404693e-04 1.262660e-03 4.225652e-04)
2.700000e+01	sideWall	(-3.133320e-04 -1.144863e-05 -2.905123e-06)	(-4.614895e-06 1.138645e-05 8.164480e-06)
2.700000e+01	bottom	(-1.812614e-03 -1.531019e-03 -2.917845e-05)	(3.845085e-04 1.459778e-03 6.196913e-05)
2.800000e+01	roughCylinder	(-1.879515e-03 -1.262645e-03 -3.777712e-04)	(1.404473e-04 1.262656e-03 4.225652e-04)
2.800000e+01	sideWall	(-3.133301e-04 -1.144863e-05 -2.905123e-06)	(-4.614895e-06 1.138645e-05 8.164491e-06)
2.800000e+01	bottom	(-1.814232e-03 -1.481836e-03 -2.936858e-05)	(3.845098e-04 1.393124e-03 6.196876e-05)
2.900000e+01	roughCylinder	(-1.879493e-03 -1.262611e-03 -3.782644e-04)	(1.404130e-04 1.262684e-03 4.225643e-04)
2.900000e+01	sideWall	(-3.133349e-04 -1.144863e-05 -2.905118e-06)	(-4.614895e-06 1.138645e-05 8.164480e-06)
2.900000e+01	bottom	(-1.793144e-03 -1.565219e-03 -2.988843e-05)	(3.845119e-04 1.557789e-03 6.196854e-05)
3.000000e+01	roughCylinder	(-1.879475e-03 -1.262653e-03 -3.827584e-04)	(1.404234e-04 1.262639e-03 4.225644e-04)
3.000000e+01	sideWall	(-3.133367e-04 -1.144864e-05 -2.905123e-06)	(-4.614895e-06 1.138645e-05 8.164491e-06)
3.000000e+01	bottom	(-1.825350e-03 -1.483173e-03 -2.963266e-05)	(3.845085e-04 1.456818e-03 6.196805e-05)
3.100000e+01	roughCylinder	(-1.879522e-03 -1.262618e-03 -4.095843e-04)	(1.403982e-04 1.262674e-03 4.225633e-04)
3.100000e+01	sideWall	(-3.133349e-04 -1.144863e-05 -2.905118e-06)	(-4.614895e-06 1.138645e-05 8.164491e-06)
3.100000e+01	bottom	(-1.800366e-03 -1.505829e-03 -2.920000e-05)	(3.845110e-04 1.478894e-03 6.196797e-05)
3.200000e+01	roughCylinder	(-1.879458e-03 -1.262630e-03 -3.799799e-04)	(1.404114e-04 1.262657e-03 4.225643e-04)
3.200000e+01	sideWall	(-3.133397e-04 -1.144863e-05 -2.905118e-06)	(-4.614895e-06 1.138645e-05 8.164480e-06)
3.200000e+01	bottom	(-1.820736e-03 -1.475139e-03 -2.936479e-05)	(3.845093e-04 1.394599e-03 6.196836e-05)
3.300000e+01	roughCylinder	(-1.879473e-03 -1.262639e-03 -3.772556e-04)	(1.404813e-04 1.262649e-03 4.225644e-04)
3.300000e+01	sideWall	(-3.133367e-04 -1.144863e-05 -2.905123e-06)	(-4.614895e-06 1.138645e-05 8.164491e-06)
3.300000e+01	bottom	(-1.787486e-03 -1.556698e-03 -2.965249e-05)	(3.845093e-04 1.559379e-03 6.196824e-05)
3.400000e+01	roughCylinder	(-1.879487e-03 -1.262619e-03 -4.207553e-04)	(1.403774e-04 1.262669e-03 4.225643e-04)
3.400000e+01	sideWall	(-3.133378e-04 -1.144863e-05 -2.905118e-06)	(-4.614895e-06 1.138645e-05 8.164480e-06)
3.400000e+01	bottom	(-1.840817e-03 -1.511333e-03 -2.916028e-05)	(3.845102e-04 1.396129e-03 6.196827e-05)
3.500000e+01	roughCylinder	(-1.879461e-03 -1.262645e-03 -3.758887e-04)	(1.404723e-04 1.262648e-03 4.225635e-04)
3.500000e+01	sideWall	(-3.133393e-04 -1.144863e-05 -2.905123e-06)	(-4.614895e-06 1.138645e-05 8.164491e-06)
3.500000e+01	bottom	(-1.822328e-03 -1.521217e-03 -2.924738e-05)	(3.845098e-04 1.438064e-03 6.339878e-05)
3.600000e+01	roughCylinder	(-1.879496e-03 -1.262630e-03 -3.742642e-04)	(1.404681e-04 1.262658e-03 4.225663e-04)
3.600000e+01	sideWall	(-3.133367e-04 -1.144863e-05 -2.905123e-06)	(-4.614895e-06 1.138645e-05 8.164491e-06)
3.600000e+01	bottom	(-1.822971e-03 -1.525803e-03 -2.933302e-05)	(3.845085e-04 1.556265e-03 6.196849e-05)
3.700000e+01	roughCylinder	(-1.879460e-03 -1.262629e-03 -4.187048e-04)	(1.404786e-04 1.262658e-03 4.225633e-04)
3.700000e+01	sideWall	(-3.133397e-04 -1.144863e-05 -2.905123e-06)	(-4.614895e-06 1.138645e-05 8.164491e-06)
3.700000e+01	bottom	(-1.787598e-03 -1.541912e-03 -2.995683e-05)	(3.845102e-04 1.480742e-03 6.196806e-05)
3.800000e+01	roughCylinder	(-1.879470e-03 -1.262633e-03 -4.193318e-04)	(1.404589e-04 1.262653e-03 4.225634e-04)
3.800000e+01	sideWall	(-3.133386e-04 -1.144863e-05 -2.905123e-06)	(-4.614895e-06 1.138645e-05 8.164491e-06)
3.800000e+01	bottom	(-1.823264e-03 -1.529135e-03 -2.928510e-05)	(3.845093e-04 1.451933e-03 6.196846e-05)
3.900000e+01	roughCylinder	(-1.879477e-03 -1.262624e-03 -4.070271e-04)	(1.404666e-04 1.262663e-03 4.225664e-04)
3.900000e+01	sideWall	(-3.133386e-04 -1.144863e-05 -2.905123e-06)	(-4.614895e-06 1.138645e-05 8.164491e-06)
3.900000e+01	bottom	(-1.788525e-03 -1.503697e-03 -2.974292e-05)	(3.845085e-04 1.496487e-03 6.196795e-05)
4.000000e+01	roughCylinder	(-1.879458e-03 -1.262633e-03 -3.881825e-04)	(1.404071e-04 1.262652e-03 4.225635e-04)
4.000000e+01	sideWall	(-3.133386e-04 -1.144863e-05 -2.905123e-06)	(-4.614895e-06 1.138645e-05 8.164491e-06)
4.000000e+01	bottom	(-1.755025e-03 -1.500050e-03 -2.959363e-05)	(3.845098e-04 1.495146e-03 6.196780e-05)
4.100000e+01	roughCylinder	(-1.879484e-03 -1.262624e-03 -3.903979e-04)	(1.403993e-04 1.262663e-03 4.225634e-04)
4.100000e+01	sideWall	(-3.133386e-04 -1.144863e-05 -2.905123e-06)	(-4.614895e-06 1.138645e-05 8.164491e-06)
4.100000e+01	bottom	(-1.734845e-03 -1.586152e-03 -2.926977e-05)	(3.845093e-04 1.491611e-03 6.196784e-05)
4.200000e+01	roughCylinder	(-1.879463e-03 -1.262625e-03 -3.925627e-04)	(1.404322e-04 1.262663e-03 4.225672e-04)
4.200000e+01	sideWall	(-3.133386e-04 -1.144863e-05 -2.905123e-06)	(-4.614895e-06 1.138645e-05 8.164480e-06)
4.200000e+01	bottom	(-1.829481e-03 -1.517355e-03 -2.986304e-05)	(3.845102e-04 1.564136e-03 6.196837e-05)
4.300000e+01	roughCylinder	(-1.879467e-03 -1.262633e-03 -3.956345e-04)	(1.404375e-04 1.262654e-03 4.225635e-04)
4.300000e+01	sideWall	(-3.133386e-04 -1.144863e-05 -2.905123e-06)	(-4.614895e-06 1.138645e-05 8.164491e-06)
4.300000e+01	bottom	(-1.781444e-03 -1.557809e-03 -2.911296e-05)	(3.845089e-04 1.561140e-03 6.196818e-05)
4.400000e+01	roughCylinder	(-1.879481e-03 -1.262622e-03 -3.963487e-04)	(1.404234e-04 1.262663e-03 4.225672e-04)
4.400000e+01	sideWall	(-3.133386e-04 -1.144863e-05 -2.905123e-06)	(-4.614895e-06 1.138645e-05 8.164491e-06)
4.400000e+01	bottom	(-1.786390e-03 -1.539236e-03 -2.987217e-05)	(3.845089e-04 1.492757e-03 6.196786e-05)
4.500000e+01	roughCylinder	(-1.879461e-03 -1.262628e-03 -3.881769e-04)	(1.404406e-04 1.262654e-03 4.225633e-04)
4.500000e+01	sideWall	(-3.133386e-04 -1.144863e-05 -2.905123e-06)	(-4.614895e-06 1.138645e-05 8.164491e-06)
4.500000e+01	bottom	(-1.824705e-03 -1.487634e-03 -2.930008e-05)	(3.845080e-04 1.492385e-03 6.196828e-05)
4.600000e+01	roughCylinder	(-1.879475e-03 -1.262629e-03 -4.207237e-04)	(1.404012e-04 1.262657e-03 4.225663e-04)
4.600000e+01	sideWall	(-3.133386e-04 -1.144863e-05 -2.905123e-06)	(-4.614895e-06 1.138645e-05 8.164491e-06)
4.600000e+01	bottom	(-1.749528e-03 -1.555173e-03 -2.965019e-05)	(3.845080e-04 1.571669e-03 6.196810e-05)
4.700000e+01	roughCylinder	(-1.879471e-03 -1.262629e-03 -3.878055e-04)	(1.404277e-04 1.262657e-03 4.225635e-04)
4.700000e+01	sideWall	(-3.133386e-04 -1.144863e-05 -2.905123e-06)	(-4.614895e-06 1.138645e-05 8.164491e-06)
4.700000e+01	bottom	(-1.827289e-03 -1.526600e-03 -2.934196e-05)	(3.845080e-04 1.496558e-03 6.196771e-05)
4.800000e+01	roughCylinder	(-1.879463e-03 -1.262628e-03 -3.873249e-04)	(1.403800e-04 1.262654e-03 4.225633e-04)
4.800000e+01	sideWall	(-3.133386e-04 -1.144863e-05 -2.905123e-06)	(-4.614895e-06 1.138645e-05 8.164491e-06)
4.800000e+01	bottom	(-1.788213e-03 -1.513152e-03 -2.920906e-05)	(3.845093e-04 1.565690e-03 6.196806e-05)
4.900000e+01	roughCylinder	(-1.879471e-03 -1.262629e-03 -3.992804e-04)	(1.403992e-04 1.262657e-03 4.225635e-04)
4.900000e+01	sideWall	(-3.133386e-04 -1.144863e-05 -2.905123e-06)	(-4.614895e-06 1.138645e-05 8.164491e-06)
4.900000e+01	bottom	(-1.831625e-03 -1.520523e-03 -2.958392e-05)	(3.845089e-04 1.495690e-03 6.196809e-05)
5.000000e+01	roughCylinder	(-1.879464e-03 -1.262633e-03 -3.983627e-04)	(1.404143e-04 1.262654e-03 4.225663e-04)
5.000000e+01	sideWall	(-3.133386e-04 -1.144863e-05 -2.905123e-06)	(-4.614895e-06 1.138645e-05 8.164491e-06)
5.000000e+01	bottom	(-1.780162e-03 -1.547185e-03 -2.939545e-05)	(3.845085e-04 1.387617e-03 6.196840e-05)
