# y+ ()       
# Time        	patch         	min           	max           	average       
0             	roughCylinder	1.948507e+01	4.162468e+01	3.258133e+01
0             	sideWall	2.703880e+01	7.841008e+01	6.461239e+01
0             	bottom	1.830331e+00	4.234263e+00	3.743299e+00
1             	roughCylinder	2.408946e+00	1.145243e+02	6.459149e+01
1             	sideWall	2.214518e+01	8.042641e+01	6.169749e+01
1             	bottom	3.191527e-01	9.265563e+00	3.647892e+00
2             	roughCylinder	1.779330e+00	1.124564e+02	6.261204e+01
2             	sideWall	2.163090e+01	8.349696e+01	6.107322e+01
2             	bottom	3.335969e-01	9.760162e+00	3.733523e+00
3             	roughCylinder	5.293161e+00	1.115575e+02	5.891042e+01
3             	sideWall	2.212903e+01	8.298217e+01	6.123667e+01
3             	bottom	9.716958e-01	9.694876e+00	3.739125e+00
4             	roughCylinder	4.444080e+00	1.114908e+02	5.673381e+01
4             	sideWall	2.218976e+01	8.294757e+01	6.154480e+01
4             	bottom	8.471562e-01	9.706261e+00	3.725663e+00
5             	roughCylinder	4.534541e+00	1.114007e+02	5.566536e+01
5             	sideWall	2.228459e+01	8.312155e+01	6.182892e+01
5             	bottom	7.011837e-01	9.717572e+00	3.714616e+00
6             	roughCylinder	1.731783e+00	1.113612e+02	5.515986e+01
6             	sideWall	2.237882e+01	8.333366e+01	6.204698e+01
6             	bottom	5.487410e-01	9.710752e+00	3.711927e+00
7             	roughCylinder	3.760446e+00	1.112935e+02	5.504681e+01
7             	sideWall	2.213302e+01	8.357520e+01	6.219192e+01
7             	bottom	1.030685e+00	9.702699e+00	3.718115e+00
8             	roughCylinder	1.766250e+00	1.112827e+02	5.506678e+01
8             	sideWall	2.197903e+01	8.347757e+01	6.228249e+01
8             	bottom	4.539499e-01	9.698143e+00	3.727781e+00
9             	roughCylinder	2.711008e+00	1.112455e+02	5.515089e+01
9             	sideWall	2.212051e+01	8.347098e+01	6.234057e+01
9             	bottom	9.271654e-01	9.694112e+00	3.735293e+00
10            	roughCylinder	1.041485e+00	1.112069e+02	5.520115e+01
10            	sideWall	2.222130e+01	8.353133e+01	6.236967e+01
10            	bottom	4.270608e-01	9.691195e+00	3.739870e+00
11            	roughCylinder	1.079488e+00	1.111907e+02	5.519558e+01
11            	sideWall	2.220097e+01	8.356606e+01	6.237253e+01
11            	bottom	1.669230e-01	9.689604e+00	3.742894e+00
12            	roughCylinder	3.973168e+00	1.111651e+02	5.517167e+01
12            	sideWall	2.220047e+01	8.360918e+01	6.236713e+01
12            	bottom	6.164172e-01	9.688427e+00	3.745313e+00
13            	roughCylinder	3.596019e+00	1.111408e+02	5.518672e+01
13            	sideWall	2.220742e+01	8.362233e+01	6.236941e+01
13            	bottom	6.599011e-01	9.687750e+00	3.746827e+00
14            	roughCylinder	3.909462e+00	1.111206e+02	5.522786e+01
14            	sideWall	2.221238e+01	8.365008e+01	6.238167e+01
14            	bottom	6.038931e-01	9.687205e+00	3.747913e+00
15            	roughCylinder	9.260839e-01	1.111197e+02	5.514535e+01
15            	sideWall	2.221750e+01	8.365519e+01	6.239707e+01
15            	bottom	6.622043e-01	9.686924e+00	3.748623e+00
16            	roughCylinder	7.988557e-01	1.111049e+02	5.514387e+01
16            	sideWall	2.221982e+01	8.367381e+01	6.240923e+01
16            	bottom	1.235284e-01	9.686845e+00	3.748891e+00
17            	roughCylinder	1.745766e+00	1.110963e+02	5.512844e+01
17            	sideWall	2.222337e+01	8.367199e+01	6.241760e+01
17            	bottom	4.653615e-01	9.686968e+00	3.749157e+00
18            	roughCylinder	6.885774e-01	1.111094e+02	5.513685e+01
18            	sideWall	2.222320e+01	8.368184e+01	6.242357e+01
18            	bottom	2.336752e-01	9.686774e+00	3.749513e+00
19            	roughCylinder	4.176001e+00	1.110833e+02	5.508736e+01
19            	sideWall	2.222527e+01	8.367746e+01	6.242811e+01
19            	bottom	9.054579e-01	9.686897e+00	3.749564e+00
20            	roughCylinder	2.089218e+00	1.110999e+02	5.512375e+01
20            	sideWall	2.222370e+01	8.368111e+01	6.243118e+01
20            	bottom	4.773017e-01	9.686976e+00	3.749782e+00
21            	roughCylinder	3.745805e+00	1.110855e+02	5.520123e+01
21            	sideWall	2.222552e+01	8.367965e+01	6.243324e+01
21            	bottom	8.096726e-01	9.684137e+00	3.750146e+00
22            	roughCylinder	4.384167e+00	1.110756e+02	5.508210e+01
22            	sideWall	2.222486e+01	8.368622e+01	6.243454e+01
22            	bottom	6.772206e-01	9.686897e+00	3.749795e+00
23            	roughCylinder	2.942531e+00	1.110936e+02	5.514529e+01
23            	sideWall	2.222750e+01	8.368257e+01	6.243427e+01
23            	bottom	9.715083e-01	9.687811e+00	3.750168e+00
24            	roughCylinder	9.100153e-01	1.110716e+02	5.509643e+01
24            	sideWall	2.222502e+01	8.366907e+01	6.243373e+01
24            	bottom	1.407172e-01	9.687319e+00	3.750517e+00
25            	roughCylinder	2.896286e+00	1.110747e+02	5.513702e+01
25            	sideWall	2.222519e+01	8.368075e+01	6.243315e+01
25            	bottom	8.847582e-01	9.687143e+00	3.750476e+00
26            	roughCylinder	4.536426e+00	1.110676e+02	5.511810e+01
26            	sideWall	2.222386e+01	8.367637e+01	6.243253e+01
26            	bottom	7.014751e-01	9.687196e+00	3.750370e+00
27            	roughCylinder	1.674200e-01	1.110923e+02	5.509800e+01
27            	sideWall	2.222527e+01	8.368476e+01	6.243194e+01
27            	bottom	1.902445e-01	9.687214e+00	3.749935e+00
28            	roughCylinder	3.980779e+00	1.110896e+02	5.510018e+01
28            	sideWall	2.222337e+01	8.367454e+01	6.243189e+01
28            	bottom	6.155545e-01	9.687460e+00	3.750045e+00
29            	roughCylinder	2.018595e+00	1.111062e+02	5.510119e+01
29            	sideWall	2.222395e+01	8.368257e+01	6.243218e+01
29            	bottom	3.118115e-01	9.687715e+00	3.750230e+00
30            	roughCylinder	2.357879e+00	1.111107e+02	5.514571e+01
30            	sideWall	2.222139e+01	8.366688e+01	6.243251e+01
30            	bottom	8.243228e-01	9.688093e+00	3.750581e+00
31            	roughCylinder	1.738126e+00	1.111300e+02	5.516375e+01
31            	sideWall	2.222163e+01	8.367710e+01	6.243231e+01
31            	bottom	6.091900e-01	9.688163e+00	3.750902e+00
32            	roughCylinder	2.782182e+00	1.111269e+02	5.512257e+01
32            	sideWall	2.221907e+01	8.365629e+01	6.243134e+01
32            	bottom	5.050253e-01	9.688541e+00	3.751365e+00
33            	roughCylinder	2.877060e+00	1.111777e+02	5.532681e+01
33            	sideWall	2.221866e+01	8.367053e+01	6.242998e+01
33            	bottom	7.915489e-01	9.687644e+00	3.752039e+00
34            	roughCylinder	2.577702e+00	1.111471e+02	5.516387e+01
34            	sideWall	2.221717e+01	8.364497e+01	6.242888e+01
34            	bottom	1.066392e+00	9.687961e+00	3.752843e+00
35            	roughCylinder	1.707080e+00	1.111359e+02	5.512521e+01
35            	sideWall	2.221345e+01	8.366615e+01	6.242626e+01
35            	bottom	9.717396e-01	9.688356e+00	3.751802e+00
36            	roughCylinder	4.223571e+00	1.111444e+02	5.518047e+01
36            	sideWall	2.221188e+01	8.364680e+01	6.242350e+01
36            	bottom	8.283859e-01	9.689103e+00	3.751863e+00
37            	roughCylinder	2.471334e+00	1.111714e+02	5.518561e+01
37            	sideWall	2.221246e+01	8.364826e+01	6.242038e+01
37            	bottom	6.207369e-01	9.689332e+00	3.752857e+00
38            	roughCylinder	2.447768e+00	1.111574e+02	5.521597e+01
38            	sideWall	2.221056e+01	8.363036e+01	6.241724e+01
38            	bottom	6.917584e-01	9.689156e+00	3.753127e+00
39            	roughCylinder	2.299700e+00	1.111862e+02	5.521761e+01
39            	sideWall	2.221081e+01	8.365045e+01	6.241454e+01
39            	bottom	5.517926e-01	9.689420e+00	3.753012e+00
40            	roughCylinder	2.704317e+00	1.111880e+02	5.523789e+01
40            	sideWall	2.220940e+01	8.362854e+01	6.241284e+01
40            	bottom	4.181730e-01	9.689727e+00	3.752689e+00
41            	roughCylinder	1.934611e+00	1.112096e+02	5.522684e+01
41            	sideWall	2.220808e+01	8.364899e+01	6.241186e+01
41            	bottom	6.521246e-01	9.689886e+00	3.752831e+00
42            	roughCylinder	3.463179e+00	1.111893e+02	5.523584e+01
42            	sideWall	2.220700e+01	8.361868e+01	6.241156e+01
42            	bottom	5.355171e-01	9.690527e+00	3.753285e+00
43            	roughCylinder	2.264949e+00	1.112311e+02	5.522990e+01
43            	sideWall	2.220469e+01	8.363803e+01	6.241082e+01
43            	bottom	8.042657e-01	9.690659e+00	3.753591e+00
44            	roughCylinder	3.096319e+00	1.112172e+02	5.523687e+01
44            	sideWall	2.220361e+01	8.360735e+01	6.240915e+01
44            	bottom	6.872928e-01	9.690949e+00	3.754045e+00
45            	roughCylinder	2.889284e-01	1.112293e+02	5.524759e+01
45            	sideWall	2.220006e+01	8.362598e+01	6.240683e+01
45            	bottom	5.610589e-01	9.691353e+00	3.754280e+00
46            	roughCylinder	5.282418e+00	1.112262e+02	5.528853e+01
46            	sideWall	2.219981e+01	8.359712e+01	6.240402e+01
46            	bottom	8.159730e-01	9.691617e+00	3.754697e+00
47            	roughCylinder	1.837496e+00	1.112540e+02	5.526076e+01
47            	sideWall	2.219575e+01	8.361101e+01	6.240100e+01
47            	bottom	7.248328e-01	9.691819e+00	3.754988e+00
48            	roughCylinder	4.113100e+00	1.112311e+02	5.528963e+01
48            	sideWall	2.219575e+01	8.358470e+01	6.239783e+01
48            	bottom	6.353489e-01	9.692214e+00	3.755205e+00
49            	roughCylinder	3.519853e+00	1.112473e+02	5.533130e+01
49            	sideWall	2.219120e+01	8.359931e+01	6.239460e+01
49            	bottom	5.437103e-01	9.692495e+00	3.755417e+00
50            	roughCylinder	2.917167e+00	1.112316e+02	5.532561e+01
50            	sideWall	2.219211e+01	8.357812e+01	6.239163e+01
50            	bottom	7.556527e-01	9.693093e+00	3.755879e+00
