# Wall shear stress
# Time        	patch         	min           	max           
0.000000e+00	roughCylinder	(-4.039818e-04 -4.302736e-05 -3.089931e-04)	(-1.156619e-04 4.302735e-05 3.089931e-04)
0.000000e+00	sideWall	(-8.829377e-05 -2.604272e-06 -2.644681e-12)	(-1.838550e-05 2.582825e-06 1.912532e-12)
0.000000e+00	bottom	(-6.059476e-04 -1.197704e-11 -3.787290e-05)	(-2.694540e-04 1.416659e-11 3.787290e-05)
2.000000e-01	roughCylinder	(-2.054603e-03 -1.107469e-03 -1.799260e-04)	(6.293649e-05 1.105643e-03 2.735264e-04)
2.000000e-01	sideWall	(-3.369429e-04 -3.255325e-05 -9.814029e-06)	(-3.336831e-05 3.274246e-05 5.006021e-05)
2.000000e-01	bottom	(-1.842788e-03 -1.137083e-03 -5.221157e-05)	(2.440446e-04 1.137738e-03 6.679713e-05)
4.000000e-01	roughCylinder	(-2.321272e-03 -1.283839e-03 -1.803112e-04)	(1.395209e-04 1.283106e-03 3.600075e-04)
4.000000e-01	sideWall	(-3.363284e-04 -2.405058e-05 -7.381449e-06)	(-2.763946e-05 2.369057e-05 4.516108e-05)
4.000000e-01	bottom	(-1.813763e-03 -1.133338e-03 -4.647110e-05)	(2.459507e-04 1.133376e-03 6.357472e-05)
6.000000e-01	roughCylinder	(-2.406362e-03 -1.351411e-03 -2.018086e-04)	(2.463244e-04 1.351019e-03 4.138181e-04)
6.000000e-01	sideWall	(-3.332718e-04 -1.912340e-05 -5.353483e-06)	(-2.419819e-05 1.846620e-05 3.928703e-05)
6.000000e-01	bottom	(-1.779170e-03 -1.146709e-03 -7.264296e-05)	(3.211702e-04 1.146721e-03 6.435045e-05)
8.000000e-01	roughCylinder	(-2.408812e-03 -1.367959e-03 -2.144956e-04)	(2.776190e-04 1.367757e-03 4.475072e-04)
8.000000e-01	sideWall	(-3.291635e-04 -1.643154e-05 -4.675765e-06)	(-2.207460e-05 1.572301e-05 3.402396e-05)
8.000000e-01	bottom	(-1.767199e-03 -1.182940e-03 -6.399626e-05)	(4.112398e-04 1.183867e-03 6.945959e-05)
1.000000e+00	roughCylinder	(-2.374696e-03 -1.362302e-03 -2.064676e-04)	(2.828931e-04 1.361602e-03 4.680076e-04)
1.000000e+00	sideWall	(-3.248095e-04 -1.479973e-05 -4.413670e-06)	(-2.065356e-05 1.410523e-05 2.972351e-05)
1.000000e+00	bottom	(-1.841873e-03 -1.210782e-03 -5.561848e-05)	(5.205116e-04 1.212534e-03 7.791169e-05)
1.200000e+00	roughCylinder	(-2.323850e-03 -1.349920e-03 -2.191886e-04)	(2.794702e-04 1.349332e-03 4.807003e-04)
1.200000e+00	sideWall	(-3.228983e-04 -1.374594e-05 -4.274733e-06)	(-1.959873e-05 1.305548e-05 2.635876e-05)
1.200000e+00	bottom	(-1.779456e-03 -1.234815e-03 -5.527973e-05)	(6.329427e-04 1.235342e-03 7.416325e-05)
1.400000e+00	roughCylinder	(-2.275057e-03 -1.337603e-03 -2.156395e-04)	(2.790415e-04 1.337064e-03 4.887043e-04)
1.400000e+00	sideWall	(-3.218255e-04 -1.311811e-05 -4.399719e-06)	(-1.875279e-05 1.245802e-05 2.381003e-05)
1.400000e+00	bottom	(-1.718985e-03 -1.244590e-03 -4.549252e-05)	(7.299100e-04 1.244455e-03 8.047067e-05)
1.600000e+00	roughCylinder	(-2.229414e-03 -1.326619e-03 -2.007946e-04)	(2.826651e-04 1.326259e-03 4.938977e-04)
1.600000e+00	sideWall	(-3.207099e-04 -1.286221e-05 -4.470283e-06)	(-1.805644e-05 1.225258e-05 2.194856e-05)
1.600000e+00	bottom	(-1.662165e-03 -1.246548e-03 -6.366203e-05)	(8.023854e-04 1.246269e-03 7.785399e-05)
1.800000e+00	roughCylinder	(-2.192069e-03 -1.317346e-03 -1.901477e-04)	(2.901253e-04 1.316961e-03 4.973768e-04)
1.800000e+00	sideWall	(-3.194450e-04 -1.292197e-05 -4.492610e-06)	(-1.749375e-05 1.233250e-05 2.064926e-05)
1.800000e+00	bottom	(-1.611781e-03 -1.244135e-03 -5.094750e-05)	(8.451599e-04 1.244667e-03 7.508197e-05)
2.000000e+00	roughCylinder	(-2.158563e-03 -1.308819e-03 -1.869780e-04)	(2.884456e-04 1.308517e-03 4.997749e-04)
2.000000e+00	sideWall	(-3.182514e-04 -1.308726e-05 -4.485346e-06)	(-1.706027e-05 1.253602e-05 1.979040e-05)
2.000000e+00	bottom	(-1.569820e-03 -1.241186e-03 -4.461578e-05)	(8.514687e-04 1.240872e-03 7.994391e-05)
3.000000e+00	roughCylinder	(-2.056437e-03 -1.278732e-03 -1.769358e-04)	(1.649144e-04 1.279526e-03 5.051728e-04)
3.000000e+00	sideWall	(-3.152184e-04 -1.318029e-05 -4.356370e-06)	(-1.630482e-05 1.255615e-05 1.862764e-05)
3.000000e+00	bottom	(-1.450526e-03 -1.217639e-03 -3.859153e-05)	(6.261272e-04 1.217913e-03 8.159787e-05)
4.000000e+00	roughCylinder	(-2.016770e-03 -1.268584e-03 -1.719806e-04)	(1.493247e-04 1.267458e-03 5.076602e-04)
4.000000e+00	sideWall	(-3.157476e-04 -1.317576e-05 -4.178938e-06)	(-1.623800e-05 1.256239e-05 1.849940e-05)
4.000000e+00	bottom	(-1.401160e-03 -1.201892e-03 -3.921793e-05)	(4.118721e-04 1.202092e-03 8.157517e-05)
5.000000e+00	roughCylinder	(-2.006584e-03 -1.264944e-03 -1.691547e-04)	(1.356774e-04 1.264226e-03 5.101084e-04)
5.000000e+00	sideWall	(-3.199604e-04 -1.317474e-05 -4.144424e-06)	(-1.622777e-05 1.256336e-05 1.846392e-05)
5.000000e+00	bottom	(-1.367264e-03 -1.192740e-03 -4.315705e-05)	(3.935833e-04 1.192081e-03 8.113812e-05)
6.000000e+00	roughCylinder	(-1.999486e-03 -1.261192e-03 -1.673498e-04)	(1.344711e-04 1.261676e-03 5.105561e-04)
6.000000e+00	sideWall	(-3.248024e-04 -1.317489e-05 -4.619498e-06)	(-1.622790e-05 1.256303e-05 1.845910e-05)
6.000000e+00	bottom	(-1.341498e-03 -1.185392e-03 -3.969890e-05)	(3.946745e-04 1.185646e-03 7.966960e-05)
7.000000e+00	roughCylinder	(-1.994890e-03 -1.258737e-03 -1.660678e-04)	(1.341685e-04 1.259821e-03 5.101556e-04)
7.000000e+00	sideWall	(-3.267767e-04 -1.317411e-05 -4.319478e-06)	(-1.622855e-05 1.256210e-05 1.845851e-05)
7.000000e+00	bottom	(-1.325860e-03 -1.180149e-03 -4.204677e-05)	(4.116178e-04 1.179777e-03 8.035218e-05)
8.000000e+00	roughCylinder	(-1.987048e-03 -1.257400e-03 -1.654527e-04)	(1.339655e-04 1.257287e-03 5.101098e-04)
8.000000e+00	sideWall	(-3.248454e-04 -1.317368e-05 -3.623117e-06)	(-1.622860e-05 1.256157e-05 1.845831e-05)
8.000000e+00	bottom	(-1.313291e-03 -1.176326e-03 -4.517037e-05)	(4.294424e-04 1.176384e-03 8.051859e-05)
9.000000e+00	roughCylinder	(-1.987194e-03 -1.256950e-03 -1.645545e-04)	(1.338593e-04 1.256073e-03 5.100520e-04)
9.000000e+00	sideWall	(-3.233999e-04 -1.317348e-05 -3.684093e-06)	(-1.622853e-05 1.256130e-05 1.845820e-05)
9.000000e+00	bottom	(-1.304403e-03 -1.172800e-03 -3.523161e-05)	(4.376990e-04 1.172518e-03 8.091608e-05)
1.000000e+01	roughCylinder	(-1.985982e-03 -1.255522e-03 -1.644180e-04)	(1.337791e-04 1.256233e-03 5.099653e-04)
1.000000e+01	sideWall	(-3.235627e-04 -1.317350e-05 -3.806087e-06)	(-1.622841e-05 1.256143e-05 1.845803e-05)
1.000000e+01	bottom	(-1.299422e-03 -1.170446e-03 -3.730369e-05)	(4.401158e-04 1.170850e-03 8.022358e-05)
1.100000e+01	roughCylinder	(-1.984610e-03 -1.255478e-03 -1.644834e-04)	(1.336690e-04 1.254907e-03 5.099128e-04)
1.100000e+01	sideWall	(-3.240424e-04 -1.317361e-05 -3.804454e-06)	(-1.622829e-05 1.256148e-05 1.845800e-05)
1.100000e+01	bottom	(-1.295344e-03 -1.169249e-03 -3.895710e-05)	(4.427439e-04 1.169096e-03 8.023031e-05)
1.200000e+01	roughCylinder	(-1.980489e-03 -1.254250e-03 -1.643445e-04)	(1.336194e-04 1.254485e-03 5.098907e-04)
1.200000e+01	sideWall	(-3.243896e-04 -1.317365e-05 -3.795854e-06)	(-1.622836e-05 1.256155e-05 1.845814e-05)
1.200000e+01	bottom	(-1.290849e-03 -1.168411e-03 -4.207390e-05)	(4.463884e-04 1.167070e-03 8.025426e-05)
1.300000e+01	roughCylinder	(-1.978297e-03 -1.253453e-03 -1.641377e-04)	(1.335956e-04 1.253896e-03 5.098753e-04)
1.300000e+01	sideWall	(-3.247246e-04 -1.317365e-05 -3.793901e-06)	(-1.622841e-05 1.256156e-05 1.845811e-05)
1.300000e+01	bottom	(-1.288555e-03 -1.167548e-03 -3.674198e-05)	(4.497533e-04 1.167132e-03 8.026507e-05)
1.400000e+01	roughCylinder	(-1.977439e-03 -1.253527e-03 -1.634661e-04)	(1.335423e-04 1.253029e-03 5.098534e-04)
1.400000e+01	sideWall	(-3.248785e-04 -1.317368e-05 -3.792521e-06)	(-1.622841e-05 1.256155e-05 1.845823e-05)
1.400000e+01	bottom	(-1.288068e-03 -1.165955e-03 -4.472206e-05)	(4.529492e-04 1.166226e-03 8.062696e-05)
1.500000e+01	roughCylinder	(-1.971862e-03 -1.251712e-03 -1.639369e-04)	(1.335273e-04 1.252462e-03 5.098797e-04)
1.500000e+01	sideWall	(-3.250862e-04 -1.317365e-05 -3.791832e-06)	(-1.622841e-05 1.256162e-05 1.845814e-05)
1.500000e+01	bottom	(-1.287736e-03 -1.166330e-03 -3.752492e-05)	(4.530109e-04 1.166819e-03 8.017068e-05)
1.600000e+01	roughCylinder	(-1.974312e-03 -1.251495e-03 -1.640392e-04)	(1.335148e-04 1.252506e-03 5.098708e-04)
1.600000e+01	sideWall	(-3.252081e-04 -1.317368e-05 -3.791193e-06)	(-1.622841e-05 1.256156e-05 1.845820e-05)
1.600000e+01	bottom	(-1.286719e-03 -1.166300e-03 -4.987264e-05)	(4.523549e-04 1.165667e-03 8.084948e-05)
1.700000e+01	roughCylinder	(-1.972269e-03 -1.251755e-03 -1.633048e-04)	(1.335043e-04 1.251568e-03 5.098739e-04)
1.700000e+01	sideWall	(-3.252976e-04 -1.317366e-05 -3.790665e-06)	(-1.622841e-05 1.256160e-05 1.845820e-05)
1.700000e+01	bottom	(-1.286114e-03 -1.165952e-03 -3.921492e-05)	(4.524750e-04 1.165966e-03 8.017513e-05)
1.800000e+01	roughCylinder	(-1.972482e-03 -1.252230e-03 -1.636394e-04)	(1.334920e-04 1.250959e-03 5.098867e-04)
1.800000e+01	sideWall	(-3.253663e-04 -1.317370e-05 -3.790082e-06)	(-1.622846e-05 1.256158e-05 1.845831e-05)
1.800000e+01	bottom	(-1.287039e-03 -1.166205e-03 -3.503801e-05)	(4.514195e-04 1.166101e-03 8.011936e-05)
1.900000e+01	roughCylinder	(-1.969972e-03 -1.251017e-03 -1.632409e-04)	(1.334921e-04 1.251187e-03 5.098945e-04)
1.900000e+01	sideWall	(-3.254350e-04 -1.317366e-05 -3.789790e-06)	(-1.622841e-05 1.256160e-05 1.845823e-05)
1.900000e+01	bottom	(-1.287716e-03 -1.165425e-03 -3.693724e-05)	(4.502892e-04 1.165370e-03 8.098502e-05)
2.000000e+01	roughCylinder	(-1.973053e-03 -1.252242e-03 -1.633572e-04)	(1.334822e-04 1.250754e-03 5.098858e-04)
2.000000e+01	sideWall	(-3.255090e-04 -1.317369e-05 -3.789513e-06)	(-1.622846e-05 1.256158e-05 1.845829e-05)
2.000000e+01	bottom	(-1.286389e-03 -1.166391e-03 -4.125012e-05)	(4.492921e-04 1.164556e-03 8.013454e-05)
2.100000e+01	roughCylinder	(-1.973353e-03 -1.251587e-03 -1.633001e-04)	(1.334810e-04 1.251889e-03 5.098709e-04)
2.100000e+01	sideWall	(-3.254894e-04 -1.317368e-05 -3.789807e-06)	(-1.622841e-05 1.256160e-05 1.845827e-05)
2.100000e+01	bottom	(-1.284386e-03 -1.164747e-03 -5.964427e-05)	(4.483891e-04 1.164980e-03 8.012106e-05)
2.200000e+01	roughCylinder	(-1.972008e-03 -1.251909e-03 -1.635038e-04)	(1.334880e-04 1.250945e-03 5.098921e-04)
2.200000e+01	sideWall	(-3.255502e-04 -1.317369e-05 -3.789237e-06)	(-1.622841e-05 1.256159e-05 1.845823e-05)
2.200000e+01	bottom	(-1.285806e-03 -1.165000e-03 -4.432978e-05)	(4.489252e-04 1.165205e-03 8.014946e-05)
2.300000e+01	roughCylinder	(-1.973037e-03 -1.252316e-03 -1.631108e-04)	(1.334866e-04 1.251114e-03 5.098789e-04)
2.300000e+01	sideWall	(-3.254833e-04 -1.317370e-05 -3.790011e-06)	(-1.622846e-05 1.256158e-05 1.845832e-05)
2.300000e+01	bottom	(-1.285510e-03 -1.165704e-03 -3.608670e-05)	(4.496722e-04 1.163840e-03 8.278374e-05)
2.400000e+01	roughCylinder	(-1.970942e-03 -1.251526e-03 -1.635767e-04)	(1.334922e-04 1.251332e-03 5.098962e-04)
2.400000e+01	sideWall	(-3.255513e-04 -1.317366e-05 -3.789244e-06)	(-1.622841e-05 1.256162e-05 1.845820e-05)
2.400000e+01	bottom	(-1.287073e-03 -1.164749e-03 -3.597936e-05)	(4.503151e-04 1.166099e-03 8.013618e-05)
2.500000e+01	roughCylinder	(-1.970919e-03 -1.251566e-03 -1.633996e-04)	(1.334963e-04 1.251005e-03 5.098932e-04)
2.500000e+01	sideWall	(-3.255275e-04 -1.317370e-05 -3.789578e-06)	(-1.622846e-05 1.256158e-05 1.845831e-05)
2.500000e+01	bottom	(-1.288098e-03 -1.165645e-03 -4.035349e-05)	(4.493538e-04 1.163722e-03 8.020837e-05)
2.600000e+01	roughCylinder	(-1.973696e-03 -1.251079e-03 -1.639650e-04)	(1.334869e-04 1.252377e-03 5.098796e-04)
2.600000e+01	sideWall	(-3.255419e-04 -1.317365e-05 -3.789062e-06)	(-1.622841e-05 1.256163e-05 1.845816e-05)
2.600000e+01	bottom	(-1.285710e-03 -1.164550e-03 -4.071427e-05)	(4.502469e-04 1.166720e-03 8.046381e-05)
2.700000e+01	roughCylinder	(-1.973211e-03 -1.252653e-03 -1.643505e-04)	(1.334886e-04 1.250698e-03 5.098926e-04)
2.700000e+01	sideWall	(-3.255234e-04 -1.317375e-05 -3.789368e-06)	(-1.622846e-05 1.256150e-05 1.845834e-05)
2.700000e+01	bottom	(-1.288422e-03 -1.167885e-03 -3.694904e-05)	(4.495323e-04 1.164917e-03 8.013329e-05)
2.800000e+01	roughCylinder	(-1.973013e-03 -1.250522e-03 -1.641467e-04)	(1.334955e-04 1.252206e-03 5.099084e-04)
2.800000e+01	sideWall	(-3.254848e-04 -1.317365e-05 -3.789441e-06)	(-1.622841e-05 1.256163e-05 1.845820e-05)
2.800000e+01	bottom	(-1.286273e-03 -1.164248e-03 -3.918465e-05)	(4.485453e-04 1.166730e-03 8.013602e-05)
2.900000e+01	roughCylinder	(-1.971674e-03 -1.251730e-03 -1.634163e-04)	(1.334911e-04 1.251111e-03 5.099120e-04)
2.900000e+01	sideWall	(-3.255702e-04 -1.317369e-05 -3.789637e-06)	(-1.622841e-05 1.256156e-05 1.845823e-05)
2.900000e+01	bottom	(-1.287818e-03 -1.166003e-03 -4.316502e-05)	(4.502439e-04 1.164981e-03 8.017681e-05)
3.000000e+01	roughCylinder	(-1.972423e-03 -1.252252e-03 -1.632007e-04)	(1.334995e-04 1.250590e-03 5.099195e-04)
3.000000e+01	sideWall	(-3.254244e-04 -1.317370e-05 -3.790034e-06)	(-1.622846e-05 1.256158e-05 1.845836e-05)
3.000000e+01	bottom	(-1.285685e-03 -1.165715e-03 -6.825829e-05)	(4.505295e-04 1.165102e-03 8.045180e-05)
3.100000e+01	roughCylinder	(-1.971975e-03 -1.251481e-03 -1.634718e-04)	(1.334947e-04 1.251344e-03 5.099117e-04)
3.100000e+01	sideWall	(-3.255445e-04 -1.317365e-05 -3.789372e-06)	(-1.622841e-05 1.256162e-05 1.845816e-05)
3.100000e+01	bottom	(-1.286839e-03 -1.164813e-03 -5.377047e-05)	(4.506334e-04 1.166492e-03 8.013371e-05)
3.200000e+01	roughCylinder	(-1.973139e-03 -1.252441e-03 -1.639316e-04)	(1.335040e-04 1.251071e-03 5.099113e-04)
3.200000e+01	sideWall	(-3.254595e-04 -1.317370e-05 -3.790087e-06)	(-1.622846e-05 1.256154e-05 1.845834e-05)
3.200000e+01	bottom	(-1.287277e-03 -1.167329e-03 -4.023137e-05)	(4.497175e-04 1.165167e-03 8.015784e-05)
3.300000e+01	roughCylinder	(-1.972322e-03 -1.251465e-03 -1.629479e-04)	(1.334930e-04 1.251765e-03 5.099011e-04)
3.300000e+01	sideWall	(-3.254920e-04 -1.317365e-05 -3.789552e-06)	(-1.622841e-05 1.256163e-05 1.845814e-05)
3.300000e+01	bottom	(-1.287014e-03 -1.164171e-03 -3.544219e-05)	(4.507860e-04 1.165838e-03 8.013445e-05)
3.400000e+01	roughCylinder	(-1.973595e-03 -1.252863e-03 -1.633946e-04)	(1.335027e-04 1.250439e-03 5.099077e-04)
3.400000e+01	sideWall	(-3.254599e-04 -1.317376e-05 -3.789978e-06)	(-1.622846e-05 1.256149e-05 1.845838e-05)
3.400000e+01	bottom	(-1.289069e-03 -1.167594e-03 -4.199880e-05)	(4.495713e-04 1.163832e-03 8.012998e-05)
3.500000e+01	roughCylinder	(-1.975532e-03 -1.250066e-03 -1.638493e-04)	(1.335044e-04 1.253031e-03 5.099157e-04)
3.500000e+01	sideWall	(-3.254494e-04 -1.317362e-05 -3.789720e-06)	(-1.622836e-05 1.256164e-05 1.845812e-05)
3.500000e+01	bottom	(-1.288717e-03 -1.164642e-03 -3.956110e-05)	(4.498636e-04 1.167957e-03 8.018197e-05)
3.600000e+01	roughCylinder	(-1.975267e-03 -1.252644e-03 -1.635156e-04)	(1.334883e-04 1.251080e-03 5.099035e-04)
3.600000e+01	sideWall	(-3.255185e-04 -1.317370e-05 -3.790063e-06)	(-1.622841e-05 1.256155e-05 1.845823e-05)
3.600000e+01	bottom	(-1.287645e-03 -1.166216e-03 -4.143862e-05)	(4.493182e-04 1.165541e-03 8.013962e-05)
3.700000e+01	roughCylinder	(-1.972943e-03 -1.251889e-03 -1.639129e-04)	(1.334923e-04 1.251817e-03 5.099006e-04)
3.700000e+01	sideWall	(-3.253689e-04 -1.317368e-05 -3.790189e-06)	(-1.622841e-05 1.256159e-05 1.845829e-05)
3.700000e+01	bottom	(-1.286316e-03 -1.165523e-03 -6.666194e-05)	(4.496040e-04 1.166037e-03 8.013991e-05)
3.800000e+01	roughCylinder	(-1.974525e-03 -1.252240e-03 -1.631585e-04)	(1.334892e-04 1.251429e-03 5.099027e-04)
3.800000e+01	sideWall	(-3.254962e-04 -1.317366e-05 -3.790071e-06)	(-1.622841e-05 1.256160e-05 1.845818e-05)
3.800000e+01	bottom	(-1.285977e-03 -1.165398e-03 -3.940767e-05)	(4.509064e-04 1.165478e-03 8.011987e-05)
3.900000e+01	roughCylinder	(-1.972822e-03 -1.252146e-03 -1.632353e-04)	(1.335026e-04 1.251626e-03 5.099019e-04)
3.900000e+01	sideWall	(-3.253832e-04 -1.317370e-05 -3.790407e-06)	(-1.622846e-05 1.256158e-05 1.845834e-05)
3.900000e+01	bottom	(-1.286227e-03 -1.166636e-03 -3.757926e-05)	(4.508121e-04 1.163909e-03 8.037221e-05)
4.000000e+01	roughCylinder	(-1.974362e-03 -1.251104e-03 -1.640173e-04)	(1.335056e-04 1.253158e-03 5.099061e-04)
4.000000e+01	sideWall	(-3.254739e-04 -1.317362e-05 -3.790517e-06)	(-1.622836e-05 1.256164e-05 1.845805e-05)
4.000000e+01	bottom	(-1.286733e-03 -1.164972e-03 -3.548952e-05)	(4.513576e-04 1.167161e-03 8.014351e-05)
4.100000e+01	roughCylinder	(-1.975217e-03 -1.253138e-03 -1.638187e-04)	(1.334977e-04 1.250449e-03 5.099060e-04)
4.100000e+01	sideWall	(-3.254040e-04 -1.317376e-05 -3.789840e-06)	(-1.622846e-05 1.256148e-05 1.845836e-05)
4.100000e+01	bottom	(-1.288771e-03 -1.166565e-03 -4.141000e-05)	(4.514259e-04 1.164532e-03 8.045007e-05)
4.200000e+01	roughCylinder	(-1.972296e-03 -1.250971e-03 -1.642963e-04)	(1.334974e-04 1.252107e-03 5.099173e-04)
4.200000e+01	sideWall	(-3.253772e-04 -1.317364e-05 -3.789937e-06)	(-1.622841e-05 1.256163e-05 1.845818e-05)
4.200000e+01	bottom	(-1.288991e-03 -1.164617e-03 -4.067069e-05)	(4.515363e-04 1.166633e-03 8.015395e-05)
4.300000e+01	roughCylinder	(-1.973101e-03 -1.252524e-03 -1.635243e-04)	(1.335104e-04 1.251078e-03 5.099210e-04)
4.300000e+01	sideWall	(-3.254565e-04 -1.317370e-05 -3.789885e-06)	(-1.622846e-05 1.256154e-05 1.845827e-05)
4.300000e+01	bottom	(-1.289040e-03 -1.166639e-03 -3.951581e-05)	(4.506528e-04 1.164671e-03 8.018172e-05)
4.400000e+01	roughCylinder	(-1.973344e-03 -1.251456e-03 -1.631973e-04)	(1.334954e-04 1.252109e-03 5.099165e-04)
4.400000e+01	sideWall	(-3.253662e-04 -1.317366e-05 -3.790289e-06)	(-1.622841e-05 1.256162e-05 1.845823e-05)
4.400000e+01	bottom	(-1.288033e-03 -1.164898e-03 -3.543539e-05)	(4.497759e-04 1.166543e-03 8.013389e-05)
4.500000e+01	roughCylinder	(-1.976145e-03 -1.252999e-03 -1.633605e-04)	(1.334964e-04 1.250648e-03 5.099096e-04)
4.500000e+01	sideWall	(-3.254705e-04 -1.317369e-05 -3.789947e-06)	(-1.622846e-05 1.256155e-05 1.845827e-05)
4.500000e+01	bottom	(-1.287502e-03 -1.165678e-03 -3.925805e-05)	(4.505491e-04 1.165204e-03 8.013310e-05)
4.600000e+01	roughCylinder	(-1.973740e-03 -1.252119e-03 -1.633279e-04)	(1.334966e-04 1.251778e-03 5.098917e-04)
4.600000e+01	sideWall	(-3.253632e-04 -1.317369e-05 -3.790897e-06)	(-1.622846e-05 1.256159e-05 1.845832e-05)
4.600000e+01	bottom	(-1.285635e-03 -1.165655e-03 -4.613402e-05)	(4.509680e-04 1.164543e-03 8.010183e-05)
4.700000e+01	roughCylinder	(-1.971425e-03 -1.251341e-03 -1.639122e-04)	(1.335126e-04 1.251612e-03 5.099180e-04)
4.700000e+01	sideWall	(-3.255026e-04 -1.317365e-05 -3.790025e-06)	(-1.622841e-05 1.256163e-05 1.845812e-05)
4.700000e+01	bottom	(-1.287783e-03 -1.164996e-03 -5.252071e-05)	(4.511953e-04 1.166541e-03 8.020676e-05)
4.800000e+01	roughCylinder	(-1.972540e-03 -1.252658e-03 -1.629988e-04)	(1.335107e-04 1.250548e-03 5.099165e-04)
4.800000e+01	sideWall	(-3.253893e-04 -1.317376e-05 -3.790627e-06)	(-1.622846e-05 1.256149e-05 1.845840e-05)
4.800000e+01	bottom	(-1.287834e-03 -1.166274e-03 -4.391272e-05)	(4.515818e-04 1.163492e-03 8.016401e-05)
4.900000e+01	roughCylinder	(-1.971347e-03 -1.251069e-03 -1.640987e-04)	(1.335068e-04 1.252021e-03 5.099318e-04)
4.900000e+01	sideWall	(-3.254513e-04 -1.317362e-05 -3.789742e-06)	(-1.622836e-05 1.256164e-05 1.845811e-05)
4.900000e+01	bottom	(-1.289447e-03 -1.165156e-03 -3.968305e-05)	(4.520819e-04 1.167615e-03 8.017137e-05)
5.000000e+01	roughCylinder	(-1.975327e-03 -1.253216e-03 -1.638916e-04)	(1.335180e-04 1.250842e-03 5.099326e-04)
5.000000e+01	sideWall	(-3.254278e-04 -1.317376e-05 -3.790285e-06)	(-1.622846e-05 1.256148e-05 1.845836e-05)
5.000000e+01	bottom	(-1.289000e-03 -1.168384e-03 -4.980633e-05)	(4.502046e-04 1.163705e-03 8.014961e-05)
