# Wall shear stress
# Time        	patch         	min           	max           
0.000000e+00	roughCylinder	(-3.893176e-04 -4.147700e-05 -2.573028e-04)	(-9.040563e-05 4.147700e-05 2.573028e-04)
0.000000e+00	sideWall	(-8.371265e-05 -2.443493e-06 -1.462738e-11)	(-8.359072e-06 2.427685e-06 1.185979e-11)
0.000000e+00	bottom	(-4.915787e-04 -1.668784e-10 -2.887254e-05)	(-1.225088e-04 1.662402e-10 2.887251e-05)
2.000000e-01	roughCylinder	(-1.839295e-03 -7.133300e-04 -3.472220e-04)	(1.143109e-04 7.131619e-04 4.672961e-04)
2.000000e-01	sideWall	(-3.228626e-04 -2.987242e-05 -6.224768e-06)	(-3.531284e-06 3.048156e-05 1.751660e-05)
2.000000e-01	bottom	(-2.169263e-03 -1.381295e-03 -9.048479e-05)	(4.257254e-04 1.438931e-03 6.947054e-05)
4.000000e-01	roughCylinder	(-1.676094e-03 -6.819304e-04 -2.253713e-04)	(1.894247e-04 6.827885e-04 4.280640e-04)
4.000000e-01	sideWall	(-3.214325e-04 -2.063927e-05 -4.973710e-06)	(-2.492256e-06 2.080794e-05 1.542175e-05)
4.000000e-01	bottom	(-1.982573e-03 -1.257195e-03 -8.825188e-05)	(4.789235e-04 1.347071e-03 6.459243e-05)
6.000000e-01	roughCylinder	(-1.539279e-03 -1.028319e-03 -3.197133e-04)	(4.160172e-04 1.022007e-03 3.011817e-04)
6.000000e-01	sideWall	(-3.172034e-04 -1.610169e-05 -4.212897e-06)	(-2.204296e-06 1.641542e-05 1.306378e-05)
6.000000e-01	bottom	(-1.910028e-03 -1.280163e-03 -1.344568e-04)	(7.024679e-04 1.417552e-03 6.988752e-05)
8.000000e-01	roughCylinder	(-1.403677e-03 -1.358538e-03 -3.117875e-04)	(6.000604e-04 1.353242e-03 3.115607e-04)
8.000000e-01	sideWall	(-3.124522e-04 -1.279538e-05 -3.655553e-06)	(-2.182608e-06 1.295144e-05 1.094596e-05)
8.000000e-01	bottom	(-1.888432e-03 -1.313585e-03 -1.748449e-04)	(1.023846e-03 1.347037e-03 1.597378e-04)
1.000000e+00	roughCylinder	(-1.324991e-03 -1.334612e-03 -5.074249e-04)	(8.176498e-04 1.331744e-03 6.632996e-04)
1.000000e+00	sideWall	(-3.079661e-04 -1.069694e-05 -3.425480e-06)	(-2.242172e-06 1.093348e-05 9.157200e-06)
1.000000e+00	bottom	(-1.883256e-03 -1.383093e-03 -2.175758e-04)	(1.262219e-03 1.420022e-03 1.744758e-04)
1.200000e+00	roughCylinder	(-1.285246e-03 -1.371842e-03 -6.294060e-04)	(8.180414e-04 1.371969e-03 8.019880e-04)
1.200000e+00	sideWall	(-3.068182e-04 -9.083951e-06 -2.966647e-06)	(-2.309265e-06 9.259211e-06 7.694108e-06)
1.200000e+00	bottom	(-1.887442e-03 -1.532909e-03 -2.427251e-04)	(1.532612e-03 1.524381e-03 1.759839e-04)
1.400000e+00	roughCylinder	(-1.248599e-03 -1.404084e-03 -6.915576e-04)	(8.117409e-04 1.402455e-03 8.017614e-04)
1.400000e+00	sideWall	(-3.070186e-04 -7.810252e-06 -2.778989e-06)	(-2.358055e-06 7.947165e-06 6.525610e-06)
1.400000e+00	bottom	(-1.875575e-03 -1.627291e-03 -2.325390e-04)	(1.759204e-03 1.623802e-03 2.058169e-04)
1.600000e+00	roughCylinder	(-1.226353e-03 -1.309678e-03 -7.848526e-04)	(8.598028e-04 1.306116e-03 8.850384e-04)
1.600000e+00	sideWall	(-3.071744e-04 -6.855637e-06 -2.554278e-06)	(-2.383413e-06 6.950663e-06 5.613211e-06)
1.600000e+00	bottom	(-1.861523e-03 -1.526389e-03 -1.874420e-04)	(2.038066e-03 1.525485e-03 2.690030e-04)
1.800000e+00	roughCylinder	(-1.213999e-03 -1.129689e-03 -9.289847e-04)	(1.000781e-03 1.130901e-03 9.363691e-04)
1.800000e+00	sideWall	(-3.071360e-04 -6.491667e-06 -2.373112e-06)	(-2.388566e-06 6.184643e-06 4.917436e-06)
1.800000e+00	bottom	(-1.858637e-03 -1.470087e-03 -1.612848e-04)	(1.877312e-03 1.470645e-03 3.033183e-04)
2.000000e+00	roughCylinder	(-1.214649e-03 -1.123738e-03 -1.133862e-03)	(9.689957e-04 1.127748e-03 9.834179e-04)
2.000000e+00	sideWall	(-3.069618e-04 -6.354551e-06 -2.311865e-06)	(-2.379206e-06 5.908151e-06 4.399525e-06)
2.000000e+00	bottom	(-1.855007e-03 -1.252711e-03 -1.390236e-04)	(1.753687e-03 1.372166e-03 2.872248e-04)
3.000000e+00	roughCylinder	(-1.171896e-03 -8.234334e-04 -8.683997e-04)	(5.624243e-04 8.001596e-04 8.002054e-04)
3.000000e+00	sideWall	(-3.054345e-04 -6.059149e-06 -2.310175e-06)	(-2.159901e-06 5.675094e-06 3.337533e-06)
3.000000e+00	bottom	(-1.782004e-03 -1.337443e-03 -1.705142e-04)	(7.111489e-04 1.305437e-03 1.434696e-04)
4.000000e+00	roughCylinder	(-1.070125e-03 -6.282798e-04 -4.271217e-04)	(3.504013e-04 6.301177e-04 4.440107e-04)
4.000000e+00	sideWall	(-3.036306e-04 -6.020265e-06 -2.208204e-06)	(-1.930807e-06 5.648571e-06 3.129750e-06)
4.000000e+00	bottom	(-1.605015e-03 -1.234455e-03 -5.373717e-05)	(4.982064e-04 1.258810e-03 8.765097e-05)
5.000000e+00	roughCylinder	(-1.023448e-03 -6.315594e-04 -2.836217e-04)	(1.719510e-04 6.310608e-04 2.378820e-04)
5.000000e+00	sideWall	(-3.032416e-04 -6.014314e-06 -2.131977e-06)	(-1.821395e-06 5.644771e-06 3.059548e-06)
5.000000e+00	bottom	(-1.585562e-03 -1.330624e-03 -3.886939e-05)	(5.143470e-04 1.260692e-03 6.775090e-05)
6.000000e+00	roughCylinder	(-9.758651e-04 -6.190039e-04 -9.077994e-05)	(9.560834e-05 6.192463e-04 2.394648e-04)
6.000000e+00	sideWall	(-3.010999e-04 -6.016489e-06 -2.270327e-06)	(-1.773969e-06 5.648828e-06 3.027049e-06)
6.000000e+00	bottom	(-1.597210e-03 -1.270154e-03 -4.081059e-05)	(1.204905e-03 1.237386e-03 6.742923e-05)
7.000000e+00	roughCylinder	(-9.610243e-04 -6.136427e-04 -6.952254e-05)	(7.703837e-05 6.148542e-04 2.379137e-04)
7.000000e+00	sideWall	(-2.994337e-04 -6.010417e-06 -2.434658e-06)	(-1.751317e-06 5.643250e-06 3.013079e-06)
7.000000e+00	bottom	(-1.509302e-03 -1.189755e-03 -3.739439e-05)	(7.820799e-04 1.220798e-03 6.731579e-05)
8.000000e+00	roughCylinder	(-9.510533e-04 -6.098670e-04 -7.288036e-05)	(9.295221e-05 6.093863e-04 2.363237e-04)
8.000000e+00	sideWall	(-3.044518e-04 -6.009899e-06 -2.232055e-06)	(-1.740474e-06 5.642582e-06 3.006554e-06)
8.000000e+00	bottom	(-1.506558e-03 -1.267816e-03 -3.669085e-05)	(5.231254e-04 1.261173e-03 6.650830e-05)
9.000000e+00	roughCylinder	(-9.599920e-04 -6.073921e-04 -6.638751e-05)	(9.361676e-05 6.083204e-04 2.374144e-04)
9.000000e+00	sideWall	(-3.086488e-04 -6.009385e-06 -2.036296e-06)	(-1.735899e-06 5.642530e-06 3.003162e-06)
9.000000e+00	bottom	(-1.529174e-03 -1.204521e-03 -3.320244e-05)	(5.246082e-04 1.275185e-03 6.670329e-05)
1.000000e+01	roughCylinder	(-9.284112e-04 -6.065420e-04 -6.825297e-05)	(8.411442e-05 6.048158e-04 2.360195e-04)
1.000000e+01	sideWall	(-3.108617e-04 -6.009013e-06 -2.009547e-06)	(-1.733581e-06 5.642226e-06 3.001610e-06)
1.000000e+01	bottom	(-1.501454e-03 -1.209373e-03 -3.336493e-05)	(5.260301e-04 1.188719e-03 6.654821e-05)
1.100000e+01	roughCylinder	(-9.390683e-04 -6.091481e-04 -6.508021e-05)	(7.413576e-05 6.082086e-04 2.356435e-04)
1.100000e+01	sideWall	(-3.122646e-04 -6.009268e-06 -2.015194e-06)	(-1.732365e-06 5.642103e-06 3.001195e-06)
1.100000e+01	bottom	(-1.474616e-03 -1.261648e-03 -3.736952e-05)	(5.264608e-04 1.220359e-03 6.692897e-05)
1.200000e+01	roughCylinder	(-9.245563e-04 -6.027708e-04 -6.632118e-05)	(7.687446e-05 6.046435e-04 2.359685e-04)
1.200000e+01	sideWall	(-3.137619e-04 -6.009029e-06 -2.015274e-06)	(-1.732205e-06 5.642682e-06 3.000486e-06)
1.200000e+01	bottom	(-1.468611e-03 -1.195024e-03 -3.622038e-05)	(5.270461e-04 1.201072e-03 6.613647e-05)
1.300000e+01	roughCylinder	(-9.234818e-04 -6.049678e-04 -6.764076e-05)	(8.243940e-05 5.980856e-04 2.353805e-04)
1.300000e+01	sideWall	(-3.152568e-04 -6.009581e-06 -2.007983e-06)	(-1.731503e-06 5.642280e-06 3.000782e-06)
1.300000e+01	bottom	(-1.479213e-03 -1.240220e-03 -3.252423e-05)	(5.275429e-04 1.195842e-03 6.619549e-05)
1.400000e+01	roughCylinder	(-9.259028e-04 -5.986650e-04 -6.744083e-05)	(8.369392e-05 6.052683e-04 2.371853e-04)
1.400000e+01	sideWall	(-3.162123e-04 -6.009212e-06 -2.003003e-06)	(-1.731821e-06 5.642697e-06 3.000555e-06)
1.400000e+01	bottom	(-1.470485e-03 -1.208641e-03 -3.274265e-05)	(5.279564e-04 1.211434e-03 6.611515e-05)
1.500000e+01	roughCylinder	(-9.282498e-04 -6.032750e-04 -6.691058e-05)	(8.018536e-05 6.002178e-04 2.370433e-04)
1.500000e+01	sideWall	(-3.171841e-04 -6.009208e-06 -2.001933e-06)	(-1.731586e-06 5.642660e-06 3.000226e-06)
1.500000e+01	bottom	(-1.483224e-03 -1.201269e-03 -3.513447e-05)	(5.283641e-04 1.231101e-03 6.639835e-05)
1.600000e+01	roughCylinder	(-9.312933e-04 -6.036595e-04 -7.115930e-05)	(7.808887e-05 6.031399e-04 2.376880e-04)
1.600000e+01	sideWall	(-3.165177e-04 -6.009765e-06 -2.000997e-06)	(-1.731117e-06 5.642037e-06 3.001001e-06)
1.600000e+01	bottom	(-1.499010e-03 -1.205945e-03 -3.600474e-05)	(5.289820e-04 1.238421e-03 6.647161e-05)
1.700000e+01	roughCylinder	(-9.245445e-04 -6.001975e-04 -6.756013e-05)	(8.133783e-05 6.089541e-04 2.343617e-04)
1.700000e+01	sideWall	(-3.152572e-04 -6.008371e-06 -2.008478e-06)	(-1.732032e-06 5.643249e-06 2.999427e-06)
1.700000e+01	bottom	(-1.508241e-03 -1.237787e-03 -3.464943e-05)	(5.297763e-04 1.272328e-03 6.661522e-05)
1.800000e+01	roughCylinder	(-9.543786e-04 -6.178140e-04 -6.834434e-05)	(8.397618e-05 6.017261e-04 2.380289e-04)
1.800000e+01	sideWall	(-3.131755e-04 -6.010062e-06 -2.012357e-06)	(-1.730131e-06 5.641155e-06 3.000990e-06)
1.800000e+01	bottom	(-1.514887e-03 -1.258634e-03 -3.862346e-05)	(5.302632e-04 1.190314e-03 6.626353e-05)
1.900000e+01	roughCylinder	(-9.764636e-04 -5.996199e-04 -6.890930e-05)	(8.294534e-05 6.245082e-04 2.394393e-04)
1.900000e+01	sideWall	(-3.104655e-04 -6.007727e-06 -2.022672e-06)	(-1.732072e-06 5.643295e-06 2.998927e-06)
1.900000e+01	bottom	(-1.545272e-03 -1.246358e-03 -3.949362e-05)	(5.309593e-04 1.289892e-03 6.745572e-05)
2.000000e+01	roughCylinder	(-9.910278e-04 -6.297292e-04 -7.158785e-05)	(8.466430e-05 5.996604e-04 2.364762e-04)
2.000000e+01	sideWall	(-3.079515e-04 -6.009797e-06 -2.028778e-06)	(-1.729404e-06 5.640786e-06 3.000216e-06)
2.000000e+01	bottom	(-1.581329e-03 -1.259772e-03 -3.810886e-05)	(5.311066e-04 1.226434e-03 6.695061e-05)
2.100000e+01	roughCylinder	(-9.985636e-04 -6.035057e-04 -7.132462e-05)	(8.280987e-05 6.318906e-04 2.336143e-04)
2.100000e+01	sideWall	(-3.049253e-04 -6.007606e-06 -2.036028e-06)	(-1.731597e-06 5.642779e-06 2.998828e-06)
2.100000e+01	bottom	(-1.582559e-03 -1.216580e-03 -3.953077e-05)	(5.311108e-04 1.295719e-03 6.729125e-05)
2.200000e+01	roughCylinder	(-1.010753e-03 -6.319499e-04 -7.343728e-05)	(8.214176e-05 6.071893e-04 2.388392e-04)
2.200000e+01	sideWall	(-3.028725e-04 -6.009175e-06 -2.045348e-06)	(-1.729172e-06 5.640967e-06 2.999168e-06)
2.200000e+01	bottom	(-1.578583e-03 -1.314102e-03 -4.028989e-05)	(5.306522e-04 1.225551e-03 6.784584e-05)
2.300000e+01	roughCylinder	(-1.014057e-03 -6.151473e-04 -7.143997e-05)	(8.146433e-05 6.334317e-04 2.390654e-04)
2.300000e+01	sideWall	(-3.008236e-04 -6.007949e-06 -2.048768e-06)	(-1.730821e-06 5.641974e-06 2.999120e-06)
2.300000e+01	bottom	(-1.586381e-03 -1.198182e-03 -4.094587e-05)	(5.301821e-04 1.299542e-03 6.704219e-05)
2.400000e+01	roughCylinder	(-1.017675e-03 -6.312411e-04 -7.099791e-05)	(8.410521e-05 6.167975e-04 2.381006e-04)
2.400000e+01	sideWall	(-2.996889e-04 -6.008278e-06 -2.056305e-06)	(-1.729420e-06 5.641549e-06 2.998119e-06)
2.400000e+01	bottom	(-1.592066e-03 -1.253210e-03 -4.308246e-05)	(5.296593e-04 1.180428e-03 6.717898e-05)
2.500000e+01	roughCylinder	(-1.008401e-03 -6.227869e-04 -7.262272e-05)	(8.615698e-05 6.287232e-04 2.356203e-04)
2.500000e+01	sideWall	(-2.983459e-04 -6.008624e-06 -2.057401e-06)	(-1.729873e-06 5.640933e-06 2.999639e-06)
2.500000e+01	bottom	(-1.577803e-03 -1.221722e-03 -4.342505e-05)	(5.290859e-04 1.307168e-03 6.709940e-05)
2.600000e+01	roughCylinder	(-1.017521e-03 -6.238566e-04 -7.190108e-05)	(9.194671e-05 6.288167e-04 2.378456e-04)
2.600000e+01	sideWall	(-2.977139e-04 -6.007327e-06 -2.062892e-06)	(-1.729989e-06 5.642308e-06 2.997201e-06)
2.600000e+01	bottom	(-1.583071e-03 -1.273623e-03 -4.332305e-05)	(5.289201e-04 1.312970e-03 6.758694e-05)
2.700000e+01	roughCylinder	(-1.013395e-03 -6.333797e-04 -7.371437e-05)	(9.810331e-05 6.201296e-04 2.390763e-04)
2.700000e+01	sideWall	(-2.967178e-04 -6.009373e-06 -2.062324e-06)	(-1.728886e-06 5.639999e-06 3.000144e-06)
2.700000e+01	bottom	(-1.574224e-03 -1.257562e-03 -3.831404e-05)	(5.285298e-04 1.307699e-03 6.763598e-05)
2.800000e+01	roughCylinder	(-1.009785e-03 -6.145081e-04 -7.271905e-05)	(1.029314e-04 6.391697e-04 2.371541e-04)
2.800000e+01	sideWall	(-2.963345e-04 -6.006458e-06 -2.066262e-06)	(-1.730678e-06 5.643064e-06 2.996544e-06)
2.800000e+01	bottom	(-1.598107e-03 -1.199476e-03 -4.390738e-05)	(5.284583e-04 1.307318e-03 6.780778e-05)
2.900000e+01	roughCylinder	(-1.024204e-03 -6.456647e-04 -7.466825e-05)	(1.084779e-04 6.132585e-04 2.389543e-04)
2.900000e+01	sideWall	(-2.955148e-04 -6.009990e-06 -2.064578e-06)	(-1.728007e-06 5.639242e-06 3.000436e-06)
2.900000e+01	bottom	(-1.619401e-03 -1.275377e-03 -4.456527e-05)	(5.282675e-04 1.302436e-03 6.746092e-05)
3.000000e+01	roughCylinder	(-1.034194e-03 -6.088193e-04 -7.564324e-05)	(1.086853e-04 6.509947e-04 2.392834e-04)
3.000000e+01	sideWall	(-2.952499e-04 -6.005894e-06 -2.067455e-06)	(-1.731259e-06 5.643556e-06 2.996219e-06)
3.000000e+01	bottom	(-1.622662e-03 -1.227999e-03 -3.991113e-05)	(5.283750e-04 1.313414e-03 6.757499e-05)
3.100000e+01	roughCylinder	(-1.044789e-03 -6.543235e-04 -7.680663e-05)	(1.105055e-04 6.063024e-04 2.394516e-04)
3.100000e+01	sideWall	(-2.946346e-04 -6.010298e-06 -2.065316e-06)	(-1.727373e-06 5.638838e-06 3.000387e-06)
3.100000e+01	bottom	(-1.609331e-03 -1.307189e-03 -4.330365e-05)	(5.286043e-04 1.197599e-03 6.700001e-05)
3.200000e+01	roughCylinder	(-1.058377e-03 -6.060242e-04 -7.707110e-05)	(1.113566e-04 6.581179e-04 2.379348e-04)
3.200000e+01	sideWall	(-2.942382e-04 -6.005593e-06 -2.067767e-06)	(-1.731595e-06 5.643742e-06 2.996197e-06)
3.200000e+01	bottom	(-1.637540e-03 -1.245598e-03 -4.242461e-05)	(5.285428e-04 1.353040e-03 6.751877e-05)
3.300000e+01	roughCylinder	(-1.071557e-03 -6.604010e-04 -7.761237e-05)	(1.116930e-04 6.041326e-04 2.376200e-04)
3.300000e+01	sideWall	(-2.944026e-04 -6.010334e-06 -2.065030e-06)	(-1.727006e-06 5.638713e-06 3.000058e-06)
3.300000e+01	bottom	(-1.674817e-03 -1.306071e-03 -3.983385e-05)	(5.288850e-04 1.193490e-03 6.754678e-05)
3.400000e+01	roughCylinder	(-1.083368e-03 -6.036711e-04 -7.896588e-05)	(1.104432e-04 6.608619e-04 2.378587e-04)
3.400000e+01	sideWall	(-2.941114e-04 -6.005651e-06 -2.067048e-06)	(-1.731657e-06 5.643547e-06 2.996463e-06)
3.400000e+01	bottom	(-1.691565e-03 -1.266896e-03 -4.383690e-05)	(5.289151e-04 1.283704e-03 6.753564e-05)
3.500000e+01	roughCylinder	(-1.077966e-03 -6.631229e-04 -7.925750e-05)	(1.062778e-04 6.038825e-04 2.400467e-04)
3.500000e+01	sideWall	(-2.942436e-04 -6.010057e-06 -2.065208e-06)	(-1.726914e-06 5.638918e-06 2.999514e-06)
3.500000e+01	bottom	(-1.652431e-03 -1.276579e-03 -4.474705e-05)	(5.289780e-04 1.162666e-03 6.777294e-05)
3.600000e+01	roughCylinder	(-1.085656e-03 -6.064628e-04 -7.969022e-05)	(1.043218e-04 6.602666e-04 2.391698e-04)
3.600000e+01	sideWall	(-2.939280e-04 -6.005940e-06 -2.066082e-06)	(-1.731450e-06 5.643119e-06 2.996944e-06)
3.600000e+01	bottom	(-1.667994e-03 -1.237732e-03 -4.564129e-05)	(5.289116e-04 1.335483e-03 6.794139e-05)
3.700000e+01	roughCylinder	(-1.097836e-03 -6.610649e-04 -7.851633e-05)	(1.003755e-04 6.079185e-04 2.380291e-04)
3.700000e+01	sideWall	(-2.941152e-04 -6.009537e-06 -2.070035e-06)	(-1.727056e-06 5.639347e-06 2.998801e-06)
3.700000e+01	bottom	(-1.676460e-03 -1.327980e-03 -4.561456e-05)	(5.291150e-04 1.212199e-03 6.809635e-05)
3.800000e+01	roughCylinder	(-1.084824e-03 -6.106158e-04 -8.169996e-05)	(9.865773e-05 6.594959e-04 2.401002e-04)
3.800000e+01	sideWall	(-2.937504e-04 -6.006436e-06 -2.069998e-06)	(-1.731035e-06 5.642476e-06 2.997522e-06)
3.800000e+01	bottom	(-1.672683e-03 -1.203065e-03 -4.625916e-05)	(5.292826e-04 1.313034e-03 6.796099e-05)
3.900000e+01	roughCylinder	(-1.094585e-03 -6.593977e-04 -8.568347e-05)	(1.027053e-04 6.144014e-04 2.408962e-04)
3.900000e+01	sideWall	(-2.939178e-04 -6.008859e-06 -2.075244e-06)	(-1.727371e-06 5.639969e-06 2.997968e-06)
3.900000e+01	bottom	(-1.666706e-03 -1.365443e-03 -4.782575e-05)	(5.294482e-04 1.245820e-03 6.702501e-05)
4.000000e+01	roughCylinder	(-1.087758e-03 -6.200803e-04 -9.194635e-05)	(1.073361e-04 6.572183e-04 2.374720e-04)
4.000000e+01	sideWall	(-2.934398e-04 -6.007001e-06 -2.075538e-06)	(-1.730427e-06 5.641669e-06 2.998133e-06)
4.000000e+01	bottom	(-1.668764e-03 -1.252430e-03 -4.992825e-05)	(5.295880e-04 1.346469e-03 6.812405e-05)
4.100000e+01	roughCylinder	(-1.096893e-03 -6.551649e-04 -9.733251e-05)	(1.114101e-04 6.250296e-04 2.388045e-04)
4.100000e+01	sideWall	(-2.933924e-04 -6.008078e-06 -2.080796e-06)	(-1.727750e-06 5.640598e-06 2.997102e-06)
4.100000e+01	bottom	(-1.694663e-03 -1.191262e-03 -5.138462e-05)	(5.296435e-04 1.200606e-03 6.823510e-05)
4.200000e+01	roughCylinder	(-1.101016e-03 -6.310742e-04 -9.621015e-05)	(1.117735e-04 6.522567e-04 2.364274e-04)
4.200000e+01	sideWall	(-2.928450e-04 -6.007658e-06 -2.081551e-06)	(-1.729660e-06 5.640765e-06 2.998753e-06)
4.200000e+01	bottom	(-1.679791e-03 -1.252602e-03 -5.361320e-05)	(5.300219e-04 1.334039e-03 6.791066e-05)
4.300000e+01	roughCylinder	(-1.091403e-03 -6.496719e-04 -9.499785e-05)	(1.156650e-04 6.377027e-04 2.364613e-04)
4.300000e+01	sideWall	(-2.939733e-04 -6.007121e-06 -2.087047e-06)	(-1.728275e-06 5.641383e-06 2.996075e-06)
4.300000e+01	bottom	(-1.651547e-03 -1.307404e-03 -4.834613e-05)	(5.300916e-04 1.234744e-03 6.831005e-05)
4.400000e+01	roughCylinder	(-1.094653e-03 -6.443791e-04 -9.156447e-05)	(1.206176e-04 6.476396e-04 2.383962e-04)
4.400000e+01	sideWall	(-2.947554e-04 -6.008449e-06 -2.087916e-06)	(-1.728696e-06 5.639694e-06 2.999391e-06)
4.400000e+01	bottom	(-1.681420e-03 -1.284494e-03 -5.097643e-05)	(5.300352e-04 1.316871e-03 6.820733e-05)
4.500000e+01	roughCylinder	(-1.094808e-03 -6.424578e-04 -8.443593e-05)	(1.209598e-04 6.539414e-04 2.387137e-04)
4.500000e+01	sideWall	(-2.959288e-04 -6.006047e-06 -2.093620e-06)	(-1.728860e-06 5.642192e-06 2.995022e-06)
4.500000e+01	bottom	(-1.685996e-03 -1.278788e-03 -4.494038e-05)	(5.301091e-04 1.330897e-03 6.817652e-05)
4.600000e+01	roughCylinder	(-1.095317e-03 -6.621015e-04 -8.059134e-05)	(1.191398e-04 6.392339e-04 2.410986e-04)
4.600000e+01	sideWall	(-2.972515e-04 -6.009231e-06 -2.094587e-06)	(-1.727596e-06 5.638528e-06 2.999990e-06)
4.600000e+01	bottom	(-1.667218e-03 -1.285869e-03 -4.831642e-05)	(5.297509e-04 1.317406e-03 6.821882e-05)
4.700000e+01	roughCylinder	(-1.094223e-03 -6.342351e-04 -1.053494e-04)	(1.226679e-04 6.695967e-04 2.414703e-04)
4.700000e+01	sideWall	(-2.988267e-04 -6.004911e-06 -2.099903e-06)	(-1.729548e-06 5.643064e-06 2.993914e-06)
4.700000e+01	bottom	(-1.689002e-03 -1.310190e-03 -5.194056e-05)	(5.298365e-04 1.377148e-03 6.843409e-05)
4.800000e+01	roughCylinder	(-1.117664e-03 -6.784829e-04 -8.710738e-05)	(1.225065e-04 6.294139e-04 2.393547e-04)
4.800000e+01	sideWall	(-3.002126e-04 -6.010034e-06 -2.099925e-06)	(-1.726454e-06 5.637391e-06 3.000495e-06)
4.800000e+01	bottom	(-1.705034e-03 -1.413522e-03 -5.302743e-05)	(5.294043e-04 1.231570e-03 6.843472e-05)
4.900000e+01	roughCylinder	(-1.143647e-03 -6.260914e-04 -8.935848e-05)	(1.262062e-04 6.864898e-04 2.432118e-04)
4.900000e+01	sideWall	(-3.017556e-04 -6.003924e-06 -2.103940e-06)	(-1.730202e-06 5.643842e-06 2.993034e-06)
4.900000e+01	bottom	(-1.632135e-03 -1.223923e-03 -5.285836e-05)	(5.295710e-04 1.462582e-03 6.812057e-05)
5.000000e+01	roughCylinder	(-1.172878e-03 -6.933795e-04 -1.657998e-04)	(1.352727e-04 6.198586e-04 2.402667e-04)
5.000000e+01	sideWall	(-3.030408e-04 -6.010675e-06 -2.102421e-06)	(-1.725419e-06 5.636501e-06 3.000771e-06)
5.000000e+01	bottom	(-1.683792e-03 -1.444788e-03 -5.445948e-05)	(5.290882e-04 1.253539e-03 6.825994e-05)
