# Wall shear stress
# Time        	patch         	min           	max           
0.000000e+00	roughCylinder	(-3.937598e-04 -4.196356e-05 -3.266733e-04)	(-9.069177e-05 4.196356e-05 3.266733e-04)
0.000000e+00	sideWall	(-9.076766e-05 -2.391399e-06 -2.540098e-12)	(-1.541193e-05 2.377382e-06 2.707781e-12)
0.000000e+00	bottom	(-6.301428e-04 -2.017797e-10 -3.013148e-05)	(-2.918818e-04 2.006319e-10 3.013148e-05)
1.000000e+00	roughCylinder	(-2.219213e-03 -1.285049e-03 -2.650303e-04)	(3.052652e-04 1.284759e-03 4.624628e-04)
1.000000e+00	sideWall	(-3.495374e-04 -1.227626e-05 -5.217368e-06)	(-1.911710e-05 1.179792e-05 2.835995e-05)
1.000000e+00	bottom	(-2.003964e-03 -1.395869e-03 -6.063919e-05)	(6.623899e-04 1.395860e-03 6.463976e-05)
2.000000e+00	roughCylinder	(-2.006532e-03 -1.232143e-03 -1.976910e-04)	(3.126117e-04 1.231031e-03 4.898346e-04)
2.000000e+00	sideWall	(-3.471811e-04 -1.136003e-05 -5.386762e-06)	(-1.647381e-05 1.089317e-05 1.926500e-05)
2.000000e+00	bottom	(-1.788624e-03 -1.403808e-03 -3.407680e-05)	(9.192647e-04 1.403342e-03 6.613261e-05)
3.000000e+00	roughCylinder	(-1.930232e-03 -1.209952e-03 -1.878304e-04)	(1.512322e-04 1.208640e-03 4.947257e-04)
3.000000e+00	sideWall	(-3.453567e-04 -1.132182e-05 -5.265265e-06)	(-1.610592e-05 1.083227e-05 1.859797e-05)
3.000000e+00	bottom	(-1.700359e-03 -1.388261e-03 -3.432953e-05)	(4.995434e-04 1.388059e-03 6.653532e-05)
4.000000e+00	roughCylinder	(-1.920459e-03 -1.204113e-03 -1.825734e-04)	(1.370118e-04 1.208265e-03 4.972756e-04)
4.000000e+00	sideWall	(-3.473716e-04 -1.132672e-05 -5.103907e-06)	(-1.607351e-05 1.083873e-05 1.850389e-05)
4.000000e+00	bottom	(-1.638957e-03 -1.375917e-03 -3.052957e-05)	(4.515871e-04 1.377008e-03 6.658078e-05)
5.000000e+00	roughCylinder	(-1.918029e-03 -1.205157e-03 -1.793560e-04)	(1.351591e-04 1.206156e-03 4.992335e-04)
5.000000e+00	sideWall	(-3.502640e-04 -1.132788e-05 -5.216129e-06)	(-1.607236e-05 1.084088e-05 1.848556e-05)
5.000000e+00	bottom	(-1.597613e-03 -1.368037e-03 -3.554574e-05)	(4.542032e-04 1.368889e-03 6.662612e-05)
6.000000e+00	roughCylinder	(-1.919305e-03 -1.205604e-03 -1.775011e-04)	(1.350704e-04 1.203969e-03 4.990880e-04)
6.000000e+00	sideWall	(-3.522709e-04 -1.132821e-05 -5.648771e-06)	(-1.607260e-05 1.084132e-05 1.848325e-05)
6.000000e+00	bottom	(-1.573312e-03 -1.364282e-03 -3.131204e-05)	(4.557699e-04 1.363057e-03 6.664141e-05)
7.000000e+00	roughCylinder	(-1.916395e-03 -1.203815e-03 -1.763113e-04)	(1.348607e-04 1.203369e-03 4.987468e-04)
7.000000e+00	sideWall	(-3.510971e-04 -1.132779e-05 -4.836107e-06)	(-1.607278e-05 1.084090e-05 1.848270e-05)
7.000000e+00	bottom	(-1.558427e-03 -1.359654e-03 -3.680497e-05)	(4.562059e-04 1.360754e-03 6.659929e-05)
8.000000e+00	roughCylinder	(-1.915148e-03 -1.204123e-03 -1.753913e-04)	(1.347354e-04 1.201294e-03 4.986768e-04)
8.000000e+00	sideWall	(-3.486021e-04 -1.132765e-05 -4.470915e-06)	(-1.607295e-05 1.084062e-05 1.848287e-05)
8.000000e+00	bottom	(-1.547064e-03 -1.358650e-03 -4.151525e-05)	(4.715448e-04 1.356375e-03 6.657325e-05)
9.000000e+00	roughCylinder	(-1.913923e-03 -1.200804e-03 -1.747003e-04)	(1.346344e-04 1.203301e-03 4.985561e-04)
9.000000e+00	sideWall	(-3.482772e-04 -1.132747e-05 -4.675192e-06)	(-1.607278e-05 1.084064e-05 1.848244e-05)
9.000000e+00	bottom	(-1.538575e-03 -1.354375e-03 -3.538834e-05)	(4.842116e-04 1.356504e-03 6.655460e-05)
1.000000e+01	roughCylinder	(-1.910438e-03 -1.202323e-03 -1.742307e-04)	(1.345581e-04 1.200266e-03 4.984799e-04)
1.000000e+01	sideWall	(-3.486253e-04 -1.132765e-05 -4.708270e-06)	(-1.607276e-05 1.084065e-05 1.848261e-05)
1.000000e+01	bottom	(-1.533002e-03 -1.355378e-03 -3.380790e-05)	(4.890048e-04 1.352700e-03 6.653907e-05)
1.100000e+01	roughCylinder	(-1.909408e-03 -1.198948e-03 -1.739059e-04)	(1.345095e-04 1.202051e-03 4.984476e-04)
1.100000e+01	sideWall	(-3.490421e-04 -1.132759e-05 -4.696190e-06)	(-1.607266e-05 1.084084e-05 1.848238e-05)
1.100000e+01	bottom	(-1.530418e-03 -1.351780e-03 -3.396253e-05)	(4.948095e-04 1.354568e-03 6.652926e-05)
1.200000e+01	roughCylinder	(-1.907855e-03 -1.201488e-03 -1.736745e-04)	(1.344689e-04 1.198613e-03 4.984220e-04)
1.200000e+01	sideWall	(-3.493436e-04 -1.132773e-05 -4.693249e-06)	(-1.607276e-05 1.084072e-05 1.848271e-05)
1.200000e+01	bottom	(-1.528079e-03 -1.353799e-03 -3.024912e-05)	(5.000139e-04 1.351242e-03 6.652058e-05)
1.300000e+01	roughCylinder	(-1.906094e-03 -1.197939e-03 -1.734860e-04)	(1.344422e-04 1.200886e-03 4.984131e-04)
1.300000e+01	sideWall	(-3.495208e-04 -1.132764e-05 -4.692198e-06)	(-1.607271e-05 1.084085e-05 1.848247e-05)
1.300000e+01	bottom	(-1.525441e-03 -1.351003e-03 -3.120279e-05)	(5.014116e-04 1.353165e-03 6.651521e-05)
1.400000e+01	roughCylinder	(-1.904100e-03 -1.200347e-03 -1.734185e-04)	(1.344229e-04 1.197571e-03 4.984113e-04)
1.400000e+01	sideWall	(-3.497385e-04 -1.132780e-05 -4.691189e-06)	(-1.607283e-05 1.084073e-05 1.848284e-05)
1.400000e+01	bottom	(-1.526252e-03 -1.353173e-03 -4.921331e-05)	(5.020159e-04 1.350406e-03 6.651060e-05)
1.500000e+01	roughCylinder	(-1.904974e-03 -1.197397e-03 -1.733137e-04)	(1.344109e-04 1.200477e-03 4.984082e-04)
1.500000e+01	sideWall	(-3.497931e-04 -1.132764e-05 -4.691332e-06)	(-1.607278e-05 1.084085e-05 1.848260e-05)
1.500000e+01	bottom	(-1.525324e-03 -1.350423e-03 -2.955165e-05)	(5.006561e-04 1.352749e-03 6.650792e-05)
1.600000e+01	roughCylinder	(-1.904160e-03 -1.200024e-03 -1.732796e-04)	(1.344047e-04 1.197302e-03 4.984177e-04)
1.600000e+01	sideWall	(-3.499586e-04 -1.132780e-05 -4.690432e-06)	(-1.607283e-05 1.084073e-05 1.848281e-05)
1.600000e+01	bottom	(-1.525474e-03 -1.352661e-03 -3.292666e-05)	(5.004001e-04 1.350327e-03 6.650740e-05)
1.700000e+01	roughCylinder	(-1.903461e-03 -1.197369e-03 -1.732673e-04)	(1.344013e-04 1.199782e-03 4.984326e-04)
1.700000e+01	sideWall	(-3.499045e-04 -1.132765e-05 -4.691078e-06)	(-1.607278e-05 1.084085e-05 1.848265e-05)
1.700000e+01	bottom	(-1.525344e-03 -1.350595e-03 -3.316593e-05)	(5.007402e-04 1.352405e-03 6.650729e-05)
1.800000e+01	roughCylinder	(-1.905017e-03 -1.200190e-03 -1.732499e-04)	(1.344004e-04 1.197158e-03 4.984290e-04)
1.800000e+01	sideWall	(-3.500434e-04 -1.132779e-05 -4.690300e-06)	(-1.607283e-05 1.084074e-05 1.848279e-05)
1.800000e+01	bottom	(-1.525101e-03 -1.352367e-03 -3.240848e-05)	(5.006143e-04 1.350503e-03 6.650717e-05)
1.900000e+01	roughCylinder	(-1.903018e-03 -1.197895e-03 -1.732139e-04)	(1.343970e-04 1.199374e-03 4.984268e-04)
1.900000e+01	sideWall	(-3.499194e-04 -1.132768e-05 -4.691332e-06)	(-1.607283e-05 1.084083e-05 1.848274e-05)
1.900000e+01	bottom	(-1.524569e-03 -1.350902e-03 -3.318850e-05)	(5.009039e-04 1.351947e-03 6.650737e-05)
2.000000e+01	roughCylinder	(-1.903345e-03 -1.199803e-03 -1.732040e-04)	(1.344018e-04 1.197200e-03 4.984439e-04)
2.000000e+01	sideWall	(-3.500551e-04 -1.132774e-05 -4.690175e-06)	(-1.607283e-05 1.084074e-05 1.848274e-05)
2.000000e+01	bottom	(-1.524396e-03 -1.352153e-03 -5.471344e-05)	(5.014915e-04 1.350776e-03 6.650835e-05)
2.100000e+01	roughCylinder	(-1.903496e-03 -1.197779e-03 -1.731549e-04)	(1.343174e-04 1.199651e-03 4.981605e-04)
2.100000e+01	sideWall	(-3.499467e-04 -1.132766e-05 -4.691001e-06)	(-1.607278e-05 1.084085e-05 1.848274e-05)
2.100000e+01	bottom	(-1.525551e-03 -1.347260e-03 -3.520290e-05)	(5.026247e-04 1.352371e-03 6.647580e-05)
2.200000e+01	roughCylinder	(-1.904292e-03 -1.198832e-03 -1.730709e-04)	(1.343966e-04 1.198524e-03 4.984941e-04)
2.200000e+01	sideWall	(-3.501278e-04 -1.132770e-05 -4.691889e-06)	(-1.607271e-05 1.084080e-05 1.848243e-05)
2.200000e+01	bottom	(-1.526238e-03 -1.350541e-03 -3.417429e-05)	(5.036737e-04 1.352514e-03 6.651012e-05)
2.300000e+01	roughCylinder	(-1.900793e-03 -1.199312e-03 -1.732299e-04)	(1.344160e-04 1.197971e-03 4.984883e-04)
2.300000e+01	sideWall	(-3.498729e-04 -1.132775e-05 -4.691082e-06)	(-1.607283e-05 1.084074e-05 1.848295e-05)
2.300000e+01	bottom	(-1.525466e-03 -1.353093e-03 -3.126786e-05)	(4.984740e-04 1.350062e-03 6.651155e-05)
2.400000e+01	roughCylinder	(-1.901629e-03 -1.198851e-03 -1.730954e-04)	(1.343971e-04 1.198108e-03 4.984426e-04)
2.400000e+01	sideWall	(-3.500046e-04 -1.132770e-05 -4.690249e-06)	(-1.607283e-05 1.084080e-05 1.848265e-05)
2.400000e+01	bottom	(-1.522727e-03 -1.351087e-03 -2.959390e-05)	(5.076024e-04 1.351859e-03 6.650831e-05)
2.500000e+01	roughCylinder	(-1.900168e-03 -1.198717e-03 -1.730840e-04)	(1.343978e-04 1.198125e-03 4.984444e-04)
2.500000e+01	sideWall	(-3.499249e-04 -1.132774e-05 -4.691501e-06)	(-1.607283e-05 1.084076e-05 1.848286e-05)
2.500000e+01	bottom	(-1.522403e-03 -1.352102e-03 -3.407010e-05)	(5.051638e-04 1.350852e-03 6.650757e-05)
2.600000e+01	roughCylinder	(-1.901293e-03 -1.198415e-03 -1.730900e-04)	(1.343958e-04 1.198496e-03 4.984445e-04)
2.600000e+01	sideWall	(-3.500520e-04 -1.132770e-05 -4.690392e-06)	(-1.607271e-05 1.084083e-05 1.848250e-05)
2.600000e+01	bottom	(-1.522584e-03 -1.350822e-03 -3.214423e-05)	(5.021253e-04 1.352123e-03 6.650704e-05)
2.700000e+01	roughCylinder	(-1.900910e-03 -1.199312e-03 -1.731685e-04)	(1.344044e-04 1.197953e-03 4.984558e-04)
2.700000e+01	sideWall	(-3.499304e-04 -1.132775e-05 -4.691844e-06)	(-1.607283e-05 1.084074e-05 1.848295e-05)
2.700000e+01	bottom	(-1.523733e-03 -1.352808e-03 -3.185152e-05)	(5.013278e-04 1.350176e-03 6.650763e-05)
2.800000e+01	roughCylinder	(-1.902266e-03 -1.198392e-03 -1.732030e-04)	(1.344125e-04 1.199184e-03 4.984679e-04)
2.800000e+01	sideWall	(-3.500347e-04 -1.132767e-05 -4.690509e-06)	(-1.607271e-05 1.084085e-05 1.848245e-05)
2.800000e+01	bottom	(-1.524006e-03 -1.350323e-03 -3.240779e-05)	(5.026708e-04 1.352800e-03 6.650978e-05)
2.900000e+01	roughCylinder	(-1.900895e-03 -1.199732e-03 -1.732800e-04)	(1.344238e-04 1.197836e-03 4.984867e-04)
2.900000e+01	sideWall	(-3.498827e-04 -1.132780e-05 -4.692067e-06)	(-1.607288e-05 1.084073e-05 1.848295e-05)
2.900000e+01	bottom	(-1.525123e-03 -1.353379e-03 -3.206361e-05)	(5.037411e-04 1.350016e-03 6.651186e-05)
3.000000e+01	roughCylinder	(-1.900909e-03 -1.197574e-03 -1.733502e-04)	(1.344332e-04 1.199935e-03 4.985030e-04)
3.000000e+01	sideWall	(-3.499659e-04 -1.132762e-05 -4.691322e-06)	(-1.607271e-05 1.084087e-05 1.848236e-05)
3.000000e+01	bottom	(-1.526288e-03 -1.350037e-03 -3.077497e-05)	(5.041818e-04 1.353618e-03 6.651410e-05)
3.100000e+01	roughCylinder	(-1.902619e-03 -1.200639e-03 -1.734437e-04)	(1.344409e-04 1.196994e-03 4.985049e-04)
3.100000e+01	sideWall	(-3.498096e-04 -1.132783e-05 -4.692505e-06)	(-1.607288e-05 1.084070e-05 1.848300e-05)
3.100000e+01	bottom	(-1.527371e-03 -1.354185e-03 -3.345571e-05)	(5.048827e-04 1.349521e-03 6.651412e-05)
3.200000e+01	roughCylinder	(-1.902157e-03 -1.197686e-03 -1.735044e-04)	(1.344501e-04 1.200466e-03 4.985254e-04)
3.200000e+01	sideWall	(-3.498678e-04 -1.132758e-05 -4.691633e-06)	(-1.607266e-05 1.084088e-05 1.848231e-05)
3.200000e+01	bottom	(-1.528710e-03 -1.349727e-03 -3.485026e-05)	(5.046140e-04 1.354299e-03 6.651699e-05)
3.300000e+01	roughCylinder	(-1.907140e-03 -1.202447e-03 -1.735413e-04)	(1.955258e-04 1.196588e-03 4.983633e-04)
3.300000e+01	sideWall	(-3.497569e-04 -1.132788e-05 -4.692951e-06)	(-1.607293e-05 1.084062e-05 1.848316e-05)
3.300000e+01	bottom	(-1.531058e-03 -1.355524e-03 -3.472774e-05)	(5.065025e-04 1.347526e-03 6.650228e-05)
3.400000e+01	roughCylinder	(-1.907325e-03 -1.198126e-03 -1.734299e-04)	(1.344320e-04 1.201188e-03 4.985051e-04)
3.400000e+01	sideWall	(-3.497651e-04 -1.132759e-05 -4.693357e-06)	(-1.607278e-05 1.084087e-05 1.848258e-05)
3.400000e+01	bottom	(-1.530599e-03 -1.350797e-03 -4.304971e-05)	(5.031029e-04 1.353044e-03 6.651592e-05)
3.500000e+01	roughCylinder	(-1.903680e-03 -1.200500e-03 -1.734238e-04)	(1.344603e-04 1.199031e-03 4.985283e-04)
3.500000e+01	sideWall	(-3.497570e-04 -1.132775e-05 -4.693839e-06)	(-1.607283e-05 1.084072e-05 1.848284e-05)
3.500000e+01	bottom	(-1.525939e-03 -1.353425e-03 -3.060150e-05)	(5.038840e-04 1.350549e-03 6.652301e-05)
3.600000e+01	roughCylinder	(-1.903939e-03 -1.198010e-03 -1.735408e-04)	(1.344733e-04 1.200925e-03 4.985507e-04)
3.600000e+01	sideWall	(-3.496951e-04 -1.132760e-05 -4.692714e-06)	(-1.607266e-05 1.084087e-05 1.848231e-05)
3.600000e+01	bottom	(-1.528046e-03 -1.350230e-03 -3.089215e-05)	(5.062803e-04 1.354294e-03 6.652457e-05)
3.700000e+01	roughCylinder	(-1.906613e-03 -1.201978e-03 -1.736526e-04)	(1.344825e-04 1.196766e-03 4.985533e-04)
3.700000e+01	sideWall	(-3.495584e-04 -1.132784e-05 -4.694246e-06)	(-1.607288e-05 1.084063e-05 1.848305e-05)
3.700000e+01	bottom	(-1.529399e-03 -1.355117e-03 -3.466175e-05)	(5.101666e-04 1.349525e-03 6.652349e-05)
3.800000e+01	roughCylinder	(-1.905598e-03 -1.197509e-03 -1.736776e-04)	(1.344767e-04 1.201499e-03 4.985402e-04)
3.800000e+01	sideWall	(-3.496380e-04 -1.132756e-05 -4.692641e-06)	(-1.607266e-05 1.084089e-05 1.848231e-05)
3.800000e+01	bottom	(-1.530259e-03 -1.349718e-03 -3.395242e-05)	(5.082736e-04 1.354865e-03 6.652263e-05)
3.900000e+01	roughCylinder	(-1.907764e-03 -1.202539e-03 -1.737592e-04)	(1.344894e-04 1.196295e-03 4.985619e-04)
3.900000e+01	sideWall	(-3.495737e-04 -1.132785e-05 -4.694133e-06)	(-1.607288e-05 1.084062e-05 1.848309e-05)
3.900000e+01	bottom	(-1.531020e-03 -1.355625e-03 -4.296241e-05)	(5.060408e-04 1.349156e-03 6.652397e-05)
4.000000e+01	roughCylinder	(-1.907775e-03 -1.196843e-03 -1.738279e-04)	(1.344974e-04 1.202514e-03 4.985734e-04)
4.000000e+01	sideWall	(-3.495947e-04 -1.132754e-05 -4.692922e-06)	(-1.607266e-05 1.084092e-05 1.848222e-05)
4.000000e+01	bottom	(-1.531813e-03 -1.349345e-03 -3.081427e-05)	(5.057386e-04 1.355605e-03 6.652603e-05)
4.100000e+01	roughCylinder	(-1.909839e-03 -1.203263e-03 -1.739024e-04)	(1.345101e-04 1.196515e-03 4.985881e-04)
4.100000e+01	sideWall	(-3.495417e-04 -1.132787e-05 -4.694391e-06)	(-1.607288e-05 1.084060e-05 1.848305e-05)
4.100000e+01	bottom	(-1.532996e-03 -1.356142e-03 -3.899154e-05)	(5.060618e-04 1.349047e-03 6.652848e-05)
4.200000e+01	roughCylinder	(-1.907904e-03 -1.196609e-03 -1.739795e-04)	(1.345196e-04 1.202693e-03 4.986169e-04)
4.200000e+01	sideWall	(-3.494622e-04 -1.132752e-05 -4.694014e-06)	(-1.607266e-05 1.084092e-05 1.848222e-05)
4.200000e+01	bottom	(-1.534762e-03 -1.349554e-03 -3.372535e-05)	(5.064059e-04 1.356092e-03 6.653243e-05)
4.300000e+01	roughCylinder	(-1.912981e-03 -1.204071e-03 -1.740244e-04)	(1.345312e-04 1.196037e-03 4.986186e-04)
4.300000e+01	sideWall	(-3.494644e-04 -1.132787e-05 -4.694582e-06)	(-1.607288e-05 1.084059e-05 1.848305e-05)
4.300000e+01	bottom	(-1.534906e-03 -1.356440e-03 -3.156866e-05)	(5.066871e-04 1.349282e-03 6.653313e-05)
4.400000e+01	roughCylinder	(-1.911822e-03 -1.196856e-03 -1.740855e-04)	(1.345400e-04 1.203548e-03 4.986367e-04)
4.400000e+01	sideWall	(-3.493157e-04 -1.132753e-05 -4.695269e-06)	(-1.607266e-05 1.084092e-05 1.848227e-05)
4.400000e+01	bottom	(-1.535240e-03 -1.349890e-03 -2.901132e-05)	(5.064436e-04 1.356176e-03 6.653752e-05)
4.500000e+01	roughCylinder	(-1.913216e-03 -1.203906e-03 -1.741429e-04)	(1.345507e-04 1.196618e-03 4.986513e-04)
4.500000e+01	sideWall	(-3.493816e-04 -1.132785e-05 -4.694785e-06)	(-1.607288e-05 1.084060e-05 1.848295e-05)
4.500000e+01	bottom	(-1.536328e-03 -1.356453e-03 -3.655184e-05)	(5.061750e-04 1.349911e-03 6.653956e-05)
4.600000e+01	roughCylinder	(-1.912831e-03 -1.197273e-03 -1.741847e-04)	(1.345605e-04 1.203754e-03 4.986637e-04)
4.600000e+01	sideWall	(-3.491681e-04 -1.132752e-05 -4.696342e-06)	(-1.607266e-05 1.084091e-05 1.848227e-05)
4.600000e+01	bottom	(-1.536195e-03 -1.350411e-03 -3.344986e-05)	(5.062421e-04 1.356180e-03 6.654279e-05)
4.700000e+01	roughCylinder	(-1.915621e-03 -1.204711e-03 -1.742392e-04)	(1.345710e-04 1.196707e-03 4.986681e-04)
4.700000e+01	sideWall	(-3.492660e-04 -1.132785e-05 -4.695672e-06)	(-1.607288e-05 1.084061e-05 1.848291e-05)
4.700000e+01	bottom	(-1.536671e-03 -1.356634e-03 -3.984623e-05)	(5.067373e-04 1.350138e-03 6.654426e-05)
4.800000e+01	roughCylinder	(-1.913847e-03 -1.197595e-03 -1.742587e-04)	(1.345782e-04 1.203902e-03 4.986828e-04)
4.800000e+01	sideWall	(-3.490275e-04 -1.132753e-05 -4.697745e-06)	(-1.607274e-05 1.084089e-05 1.848242e-05)
4.800000e+01	bottom	(-1.536684e-03 -1.350969e-03 -3.447747e-05)	(5.060532e-04 1.356126e-03 6.654812e-05)
4.900000e+01	roughCylinder	(-1.913264e-03 -1.204387e-03 -1.743148e-04)	(1.345903e-04 1.196551e-03 4.987047e-04)
4.900000e+01	sideWall	(-3.491953e-04 -1.132784e-05 -4.696499e-06)	(-1.607281e-05 1.084061e-05 1.848278e-05)
4.900000e+01	bottom	(-1.537373e-03 -1.356726e-03 -3.178701e-05)	(5.063805e-04 1.350684e-03 6.655031e-05)
5.000000e+01	roughCylinder	(-1.913880e-03 -1.197080e-03 -1.743738e-04)	(1.345976e-04 1.203994e-03 4.987228e-04)
5.000000e+01	sideWall	(-3.489280e-04 -1.132753e-05 -4.698843e-06)	(-1.607274e-05 1.084089e-05 1.848244e-05)
5.000000e+01	bottom	(-1.537687e-03 -1.351469e-03 -3.432239e-05)	(5.076186e-04 1.356327e-03 6.655369e-05)
